1	155	1.99819
1	251	2.0423
1	274	1.99694
1	339	2.4866
1	427	2.65789
1	473	2.59352
1	497	2.91233
2	81	2.19107
2	120	2.79161
2	137	2.70928
2	204	2.85459
2	262	3.06949
2	319	3.06984
2	461	1.72103
3	93	2.19338
3	108	2.61154
3	223	2.98373
3	240	2.6173
3	276	3.13803
3	322	3.13859
3	464	2.19517
4	101	2.2385
4	254	2.7
4	334	2.70019
4	352	2.53397
4	393	3.1441
4	461	3.09807
4	471	2.95165
5	31	1.5706
5	218	2.05066
5	224	2.28887
5	308	2.27914
5	340	2.44095
5	437	2.76109
5	478	3.28114
6	12	2.33256
6	39	2.49495
6	56	2.33158
6	248	2.7
6	327	3.39201
6	345	2.99702
6	408	3.13098
7	39	2.65818
7	165	2.25511
7	180	2.54218
7	189	2.78556
7	345	3.16024
7	364	3.64829
7	408	3.29421
8	185	1.41949
8	454	2.61916
8	460	2.84404
8	464	2.98028
8	465	3.10547
8	491	3.1667
8	493	3.21559
9	145	1.73409
9	161	1.64456
9	230	2.23414
9	306	2.49811
9	383	2.99741
9	400	2.63925
9	481	2.94087
10	125	0.23324
10	234	2.09903
10	397	2.66563
10	430	2.73989
10	434	3.10732
10	445	2.81019
10	449	3.22863
11	201	2.42296
11	214	2.4569
11	243	2.45614
11	348	3.20595
11	349	3.64829
11	351	2.81398
11	403	3.32316
12	6	2.33256
12	56	2.41253
12	101	1.85203
12	165	2.17284
12	327	3.47296
12	345	3.07797
12	408	3.21193
13	19	2.42434
13	138	2.14655
13	207	2.70811
13	293	2.8606
13	302	2.88794
13	429	3.64963
13	442	4.68722
14	166	1.92755
14	231	2.20082
14	237	2.2192
14	279	2.28155
14	330	2.18713
14	413	3.09958
14	439	2.75064
15	16	2.75216
15	48	2.33
15	70	2.65543
15	147	2.54691
15	216	2.7
15	254	3.12304
15	260	3.27416
16	15	2.75216
16	40	2.75235
16	121	2.84824
16	144	2.84723
16	147	2.3779
16	260	3.10515
16	371	3.64829
17	35	1.85203
17	264	2.10339
17	381	2.52063
17	396	3.00258
17	418	3.14258
17	444	2.72592
17	455	3.1773
18	47	1.63648
18	51	1.95344
18	197	2.11529
18	421	2.67219
18	432	2.62658
18	479	2.8026
18	488	2.87817
19	13	2.42434
19	136	2.5158
19	138	2.17409
19	158	2.26274
19	295	2.84174
19	355	3.04334
19	429	3.67718
20	158	2.11161
20	241	1.88361
20	303	2.38682
20	335	2.66175
20	402	2.33835
20	463	2.64645
20	496	2.65313
21	43	2.25794
21	59	2.2695
21	203	2.93646
21	275	2.80919
21	305	3.10297
21	349	3.29598
21	495	5.80948
22	69	1.14716
22	253	1.96637
22	362	2.21135
22	442	2.50336
22	472	2.65067
22	499	3.16893
22	500	3.03553
23	97	1.72533
23	191	2.7
23	331	2.53425
23	390	2.80702
23	462	3.45556
23	482	3.0407
23	483	3.1231
24	58	2.06788
24	205	2.46802
24	215	2.13623
24	247	2.08496
24	310	2.61797
24	321	2.55474
24	325	2.75619
25	112	2.4762
25	182	2.09217
25	359	2.59241
25	390	2.84433
25	434	1.68848
25	462	3.49288
25	483	3.16041
26	131	2.21342
26	249	1.99772
26	306	2.33303
26	366	2.29866
26	386	2.58888
26	400	2.47417
26	481	2.77579
27	45	1.1529
27	179	1.24542
27	185	1.83643
27	323	2.10993
27	460	3.26098
27	464	3.39722
27	493	3.63253
28	67	1.11118
28	114	1.96024
28	312	1.92723
28	373	2.47894
28	423	2.97901
28	490	3.28544
28	492	2.93446
29	167	1.96533
29	277	2.18786
29	369	3.64829
29	382	2.67379
29	423	3.19482
29	490	3.50125
29	492	3.15027
30	71	2.54548
30	100	2.20471
30	286	2.67359
30	353	2.86403
30	399	2.99117
30	420	4.68722
30	496	3.39577
31	5	1.5706
31	176	2.17483
31	200	2.186
31	221	2.35178
31	340	2.52195
31	375	2.52135
31	477	3.34003
32	41	2.23434
32	151	2.05857
32	156	2.58425
32	262	3.16228
32	330	2.78117
32	413	3.69362
32	439	3.34469
33	90	1.7277
33	103	1.44708
33	158	2.40431
33	303	2.67952
33	399	2.54124
33	463	2.93915
33	496	2.94584
34	172	2.52289
34	179	2.26274
34	181	2.17308
34	263	2.88083
34	283	2.8814
34	289	3.31229
34	313	2.88253
35	17	1.85203
35	126	2.32472
35	223	2.87882
35	240	2.51239
35	245	2.8865
35	276	3.03312
35	322	3.03369
36	139	2.06801
36	236	2.28662
36	304	3.16228
36	388	2.71477
36	461	3.18721
36	471	3.04079
36	498	3.38334
37	317	2.32575
37	336	2.44672
37	342	2.49931
37	404	2.86336
37	452	5.23832
37	487	3.07505
37	489	3.45354
38	95	1.88142
38	188	2.06451
38	258	2.08978
38	282	2.36018
38	350	2.61492
38	379	2.90903
38	428	2.7512
39	6	2.49495
39	7	2.65818
39	180	2.6223
39	183	2.67482
39	189	2.86568
39	336	3.64829
39	408	3.37432
40	16	2.75235
40	48	2.33019
40	70	2.65562
40	147	2.5471
40	254	3.12323
40	260	3.27435
40	320	3.16228
41	32	2.23434
41	231	2.59404
41	237	2.61241
41	328	3.64829
41	330	2.58034
41	413	3.49279
41	439	3.14386
42	267	2.49232
42	273	2.59992
42	292	2.73043
42	298	2.54142
42	412	2.84614
42	474	3.46155
42	500	2.90474
43	21	2.25794
43	59	1.80769
43	159	2.38016
43	202	2.57311
43	203	2.47466
43	275	2.34738
43	349	2.83417
44	141	2.01852
44	195	2.9134
44	199	2.93644
44	273	2.8917
44	298	2.8332
44	319	3.16228
44	422	3.09246
45	27	1.1529
45	343	3.64829
45	394	2.30227
45	464	3.17502
45	465	3.30021
45	491	3.36144
45	493	3.41033
46	78	2.36576
46	83	2.36597
46	190	2.7
46	201	2.7485
46	257	2.4238
46	351	3.13952
46	403	3.64869
47	18	1.63648
47	60	2.36745
47	171	1.80676
47	309	2.44027
47	347	2.54903
47	421	3.04352
47	458	2.82722
48	15	2.33
48	40	2.33019
48	121	2.42608
48	144	2.42508
48	147	1.95574
48	254	2.53187
48	260	2.68299
49	149	2.5357
49	281	2.49134
49	374	2.5257
49	411	2.91566
49	435	3.00158
49	452	3.21715
49	460	2.19517
50	238	2.13183
50	250	2.06523
50	414	2.83297
50	443	2.92011
50	454	3.34145
50	457	3.36543
50	497	5.80948
51	18	1.95344
51	85	2.74775
51	197	2.80358
51	206	2.51469
51	327	1.40016
51	417	3.32579
51	421	3.36048
52	192	1.79805
52	280	3.16228
52	414	2.76985
52	425	2.65024
52	443	2.85699
52	454	3.27833
52	457	3.30231
53	79	2.16759
53	118	2.44059
53	187	2.81767
53	211	2.7
53	212	3.00675
53	285	3.11957
53	300	3.12013
54	85	2.25542
54	150	2.26274
54	417	2.83346
54	421	2.86815
54	458	2.65185
54	479	2.99856
54	488	3.07413
55	96	1.3821
55	238	1.76115
55	360	2.6692
55	425	2.34268
55	443	2.54943
55	454	2.97077
55	457	2.99475
56	6	2.33158
56	12	2.41253
56	165	2.17186
56	186	2.26274
56	327	3.47197
56	345	3.07699
56	408	3.21095
57	66	2.18096
57	76	1.85203
57	215	2.65427
57	229	2.90125
57	247	2.603
57	321	3.07278
57	325	3.27423
58	24	2.06788
58	205	2.88323
58	215	2.55145
58	310	3.03319
58	321	2.96996
58	325	3.1714
58	352	3.64829
59	21	2.2695
59	43	1.80769
59	61	2.15494
59	202	2.58467
59	275	2.35894
59	305	2.65273
59	349	2.84573
60	47	2.36745
60	85	2.79044
60	168	2.26274
60	171	2.1664
60	309	2.79992
60	417	3.36848
60	458	3.18686
61	59	2.15494
61	159	2.7274
61	202	2.92035
61	275	2.69463
61	305	2.98841
61	316	3.16228
61	349	3.18142
62	299	1.90765
62	368	2.13111
62	372	2.32397
62	416	2.38625
62	441	2.68769
62	448	2.38712
62	480	2.83853
63	188	2.19447
63	282	2.49014
63	405	1.65447
63	415	2.62423
63	451	2.88409
63	456	3.07515
63	484	3.39351
64	280	1.77463
64	308	1.88499
64	437	2.36693
64	438	2.38363
64	459	2.50843
64	477	2.86487
64	478	2.88699
65	132	2.26274
65	291	2.39537
65	320	2.63434
65	342	2.51509
65	404	2.87914
65	487	3.09084
65	497	3.1583
66	57	2.18096
66	205	2.47827
66	215	2.14649
66	229	2.39346
66	247	2.09522
66	310	2.62823
66	325	2.76645
67	28	1.11118
67	312	1.84145
67	373	2.39316
67	382	2.3722
67	423	2.89323
67	490	3.19966
67	492	2.84868
68	159	2.6166
68	202	2.80955
68	203	2.7111
68	263	3.16228
68	275	2.58383
68	305	2.87761
68	349	3.07062
69	22	1.14716
69	364	2.19681
69	395	2.55623
69	442	2.43763
69	472	2.58495
69	475	2.64984
69	499	3.10321
70	15	2.65543
70	40	2.65562
70	121	2.75151
70	144	2.75051
70	254	2.8573
70	260	3.00842
70	419	4.68722
71	30	2.54548
71	100	2.30539
71	158	2.95492
71	241	2.72693
71	323	3.64829
71	353	2.96472
71	402	3.18167
72	118	2.00891
72	157	2.35757
72	184	1.97579
72	187	2.386
72	212	2.57507
72	285	2.68789
72	300	2.68845
73	82	1.9005
73	86	2.31337
73	261	2.93375
73	338	3.08318
73	357	3.09084
73	400	4.15692
73	436	3.3472
74	259	2.23367
74	284	2.25625
74	373	2.73686
74	382	2.7159
74	462	2.19517
74	490	3.54336
74	492	3.19238
75	128	2.26274
75	146	1.40916
75	185	1.70635
75	464	3.26714
75	465	3.39233
75	491	3.45356
75	493	3.50245
76	57	1.85203
76	346	2.29337
76	354	2.30728
76	424	2.97764
76	426	2.91599
76	450	3.0882
76	453	3.08867
77	129	2.66649
77	172	2.65413
77	181	2.30432
77	226	2.7
77	263	3.01207
77	283	3.01264
77	313	3.01377
78	46	2.36576
78	243	2.53641
78	257	2.17853
78	348	3.28622
78	351	2.89425
78	403	3.40343
78	500	2.90474
79	53	2.16759
79	118	2.04563
79	157	2.39428
79	184	2.0125
79	212	2.61179
79	285	2.7246
79	300	2.72517
80	91	1.91532
80	101	2.19895
80	142	1.95676
80	294	2.25822
80	334	2.66064
80	388	2.58608
80	393	3.10455
81	2	2.19107
81	120	2.37932
81	162	1.94106
81	178	2.36329
81	194	2.50157
81	262	2.6572
81	319	2.65755
82	73	1.9005
82	154	2.17223
82	193	2.29716
82	261	2.3959
82	338	2.54533
82	357	2.553
82	436	2.80936
83	46	2.36597
83	214	2.53738
83	253	2.7
83	257	2.17874
83	348	3.28643
83	351	2.89446
83	403	3.40364
84	266	2.10129
84	346	3.64829
84	396	3.00172
84	409	2.51951
84	418	3.14172
84	444	2.72506
84	455	3.17644
85	51	2.74775
85	54	2.25542
85	60	2.79044
85	171	2.22974
85	347	2.97202
85	478	2.81362
85	488	3.67249
86	73	2.31337
86	154	2.5851
86	193	2.71003
86	217	2.7
86	328	2.88023
86	357	2.96586
86	436	3.22222
87	239	2.7
87	299	2.29452
87	368	2.51798
87	416	2.77312
87	441	3.07456
87	448	2.77399
87	480	3.22541
88	136	2.31494
88	293	2.68728
88	295	2.64087
88	302	2.71462
88	355	2.84248
88	429	3.47631
88	431	4.68722
89	196	1.00237
89	246	1.22736
89	323	1.77092
89	460	2.92198
89	465	3.18341
89	491	3.24464
89	493	3.29353
90	33	1.7277
90	335	3.13722
90	392	2.93589
90	398	3.02304
90	399	2.72401
90	454	2.61916
90	496	3.1286
91	80	1.91532
91	119	2.50776
91	219	2.7
91	343	2.70104
91	352	2.84258
91	393	3.45272
91	471	3.26026
92	250	1.91186
92	360	2.88652
92	398	0.926013
92	414	2.67961
92	443	2.76675
92	454	3.18808
92	457	3.21207
93	3	2.19338
93	126	1.95916
93	223	2.51326
93	240	2.14683
93	245	2.52094
93	276	2.66756
93	322	2.66813
94	354	2.32238
94	361	1.16902
94	369	2.21634
94	424	2.99274
94	426	2.93109
94	450	3.1033
94	453	3.10377
95	38	1.88142
95	296	2.50585
95	324	2.71164
95	391	2.77363
95	456	3.24354
95	465	2.19517
95	484	3.56189
96	55	1.3821
96	241	2.7
96	250	2.31527
96	360	3.28993
96	414	3.08302
96	425	2.96341
96	457	3.61548
97	23	1.72533
97	112	2.0983
97	216	1.93147
97	331	2.19367
97	390	2.46644
97	466	3.4718
97	483	2.78252
98	121	2.26274
98	256	2.34034
98	301	2.50446
98	363	2.66282
98	431	2.94628
98	440	3.27661
98	446	2.947
99	195	2.25996
99	199	2.283
99	267	2.13066
99	292	2.36877
99	315	2.15965
99	333	2.38227
99	474	3.09988
100	30	2.20471
100	71	2.30539
100	222	2.7
100	303	2.88937
100	335	3.1643
100	392	2.96297
100	463	3.149
101	4	2.2385
101	12	1.85203
101	80	2.19895
101	113	2.58437
101	334	3.29243
101	352	3.12621
101	388	3.21788
102	129	2.17405
102	172	2.16168
102	181	1.81188
102	263	2.51963
102	283	2.5202
102	289	2.95109
102	313	2.52133
103	33	1.44708
103	158	2.30646
103	303	2.58167
103	353	2.31625
103	392	2.65528
103	402	2.53321
103	463	2.8413
104	123	2.72648
104	301	3.16228
104	318	3.12558
104	329	3.30048
104	332	3.69761
104	384	3.80986
104	439	4.68722
105	111	2.69383
105	221	2.7
105	286	2.47158
105	303	2.92744
105	358	2.50925
105	392	3.00104
105	398	3.08819
106	159	2.26274
106	314	2.27322
106	346	2.44752
106	371	2.33943
106	424	3.13179
106	450	3.24235
106	453	3.24282
107	143	2.01833
107	311	2.41579
107	368	2.75525
107	380	4.15692
107	416	3.01039
107	448	3.01126
107	480	3.46268
108	3	2.61154
108	126	2.37732
108	198	2.7
108	240	2.56499
108	245	2.9391
108	276	3.08572
108	322	3.08629
109	124	1.8176
109	266	3.16228
109	304	2.70023
109	350	2.88164
109	428	3.01792
109	456	3.21191
109	469	3.05452
110	133	2.02199
110	244	2.07575
110	297	2.26344
110	318	2.22272
110	329	2.39762
110	332	2.79475
110	384	2.90699
111	105	2.69383
111	279	3.16228
111	358	3.16231
111	399	3.44222
111	402	3.53204
111	463	3.84013
111	493	1.08527
112	25	2.4762
112	97	2.0983
112	127	2.69445
112	359	2.92807
112	406	3.45432
112	447	3.30587
112	453	2.40053
112	482	3.41367
113	101	2.58437
113	119	2.54502
113	142	2.34218
113	334	3.04606
113	343	2.7383
113	393	3.48998
113	486	2.65892
113	498	3.64007
114	28	1.96024
114	167	2.5128
114	259	2.73903
114	277	2.73533
114	312	2.69051
114	383	1.62869
114	490	4.04872
114	492	3.69774
115	175	2.26274
115	271	2.34601
115	320	2.64467
115	339	2.74291
115	404	2.88947
115	487	3.10116
115	489	3.47965
115	497	3.16863
116	153	2.20772
116	168	2.23145
116	193	2.44017
116	261	2.53891
116	328	2.61037
116	338	2.68835
116	357	2.69601
116	436	2.95237
117	170	2.26274
117	376	2.50595
117	387	2.82862
117	397	2.72098
117	430	2.79524
117	445	2.86554
117	449	3.28398
117	486	3.34636
118	53	2.44059
118	72	2.00891
118	79	2.04563
118	184	2.2855
118	187	2.69571
118	212	2.88479
118	285	2.9976
118	300	2.99817
119	91	2.50776
119	113	2.54502
119	177	2.47111
119	294	2.85066
119	334	3.25308
119	352	3.08686
119	429	1.13137
119	461	3.65096
120	2	2.79161
120	81	2.37932
120	162	2.5416
120	194	3.10211
120	204	3.04284
120	262	3.25774
120	319	3.25809
120	447	4.68722
121	16	2.84824
121	48	2.42608
121	70	2.75151
121	98	2.26274
121	144	3.11232
121	147	2.64299
121	254	3.21912
121	260	3.37024
122	252	2.26616
122	344	2.70601
122	378	2.67581
122	407	3.36174
122	409	4.15692
122	420	2.90101
122	470	3.3527
122	485	3.10942
123	104	2.72648
123	133	2.60053
123	150	2.37878
123	236	2.7
123	297	2.84197
123	329	2.97615
123	332	3.37329
123	384	3.48553
124	109	1.8176
124	282	2.32799
124	304	2.40132
124	341	2.80103
124	370	2.35965
124	428	2.71901
124	451	2.72194
124	484	3.23136
125	10	0.23324
125	131	3.11515
125	230	2.97079
125	329	3.64829
125	383	3.73405
125	386	3.49061
125	400	3.3759
125	481	3.67751
126	35	2.32472
126	93	1.95916
126	108	2.37732
126	223	2.7495
126	240	2.38307
126	245	2.75718
126	276	2.9038
126	322	2.90437
127	112	2.69445
127	216	2.52762
127	227	2.48726
127	270	2.75372
127	272	2.67208
127	447	3.18846
127	466	4.06794
127	472	5.23832
128	75	2.26274
128	206	2.22811
128	347	2.57941
128	405	3.1916
128	432	3.02829
128	458	2.8576
128	479	3.2043
128	488	3.27988
129	77	2.66649
129	102	2.17405
129	181	2.44866
129	263	3.15641
129	283	3.15698
129	289	3.58787
129	313	3.15811
129	391	4.15692
130	140	2.09639
130	186	1.79949
130	234	2.09217
130	376	2.44374
130	387	2.76641
130	434	3.10046
130	445	2.80333
130	486	3.28414
131	26	2.21342
131	125	3.11515
131	145	2.58653
131	160	2.26274
131	161	2.49701
131	174	2.98803
131	356	3.18262
131	481	3.79332
132	65	2.26274
132	153	2.5703
132	168	2.59404
132	193	2.80275
132	328	2.97295
132	338	3.05093
132	357	3.05859
132	436	3.31495
133	110	2.02199
133	123	2.60053
133	244	2.85266
133	297	3.04035
133	318	2.99963
133	329	3.17453
133	335	1.82414
133	384	3.68391
134	225	1.52621
134	364	2.33795
134	389	2.28767
134	395	2.69737
134	410	2.40136
134	475	2.79098
134	499	3.24435
134	500	3.11095
135	232	1.95059
135	252	1.87731
135	407	2.97289
135	411	2.49158
135	452	2.79307
135	476	2.77316
135	485	2.72057
135	495	2.80688
136	19	2.5158
136	88	2.31494
136	188	2.26274
136	207	2.79958
136	295	2.90566
136	302	2.97941
136	355	3.10726
136	429	3.74109
137	2	2.70928
137	162	2.45927
137	178	2.8815
137	194	3.01978
137	204	2.96051
137	262	3.17541
137	319	3.17576
137	335	1.82414
138	13	2.14655
138	19	2.17409
138	173	2.18742
138	207	2.45787
138	293	2.61036
138	302	2.6377
138	355	2.76555
138	429	3.39939
139	36	2.06801
139	236	2.5301
139	334	3.0328
139	352	2.86658
139	374	3.64829
139	388	2.95825
139	471	3.28426
139	498	3.62681
140	130	2.09639
140	186	2.30929
140	376	2.95354
140	387	3.27621
140	397	3.16857
140	410	4.15692
140	430	3.24283
140	445	3.31313
141	44	2.01852
141	195	2.44946
141	211	2.24782
141	273	2.42776
141	292	2.55827
141	333	2.57177
141	468	2.81675
141	474	3.28939
142	80	1.95676
142	113	2.34218
142	294	2.64782
142	379	1.38569
142	388	2.97569
142	393	3.49416
142	471	3.3017
142	498	3.64425
143	107	2.01833
143	177	2.26274
143	311	2.47723
143	368	2.81669
143	416	3.07183
143	441	3.37327
143	448	3.0727
143	480	3.52412
144	16	2.84723
144	48	2.42508
144	70	2.75051
144	121	3.11232
144	147	2.64199
144	254	3.21811
144	260	3.36924
144	487	5.80948
145	9	1.73409
145	131	2.58653
145	174	2.34361
145	249	2.37083
145	306	2.70614
145	356	2.5382
145	386	2.96199
145	481	3.1489
146	75	1.40916
146	196	1.50552
146	389	4.15692
146	394	2.68861
146	464	3.56136
146	465	3.68655
146	491	3.74778
146	493	3.79667
147	15	2.54691
147	16	2.3779
147	40	2.5471
147	48	1.95574
147	121	2.64299
147	144	2.64199
147	254	2.74878
147	260	2.8999
148	200	2.59378
148	224	2.77767
148	255	2.30376
148	351	3.64829
148	380	2.99176
148	419	3.04891
148	437	3.24988
148	459	3.39138
149	49	2.5357
149	164	2.15716
149	232	2.79735
149	239	2.76772
149	284	3.16228
149	378	3.13372
149	435	3.42426
149	485	3.56733
150	54	2.26274
150	123	2.37878
150	244	2.63092
150	297	2.81861
150	318	2.77789
150	329	2.95278
150	332	3.34992
150	384	3.46216
151	32	2.05857
151	210	2.26059
151	231	2.41827
151	237	2.43664
151	279	2.49899
151	330	2.40457
151	413	3.31702
151	439	2.96809
152	222	1.7759
152	387	2.48218
152	397	2.37454
152	430	2.44879
152	434	2.81623
152	445	2.5191
152	449	2.93753
152	486	2.99991
153	116	2.20772
153	132	2.5703
153	154	2.87429
153	168	2.79051
153	328	3.16942
153	338	3.2474
153	423	2.12498
153	436	3.51142
154	82	2.17223
154	86	2.5851
154	153	2.87429
154	168	2.89803
154	261	3.20548
154	328	3.27694
154	338	3.35492
154	368	3.64829
155	1	1.99819
155	207	2.7
155	271	2.78759
155	291	2.84728
155	336	2.91442
155	339	3.18449
155	404	3.33105
155	473	3.29141
156	32	2.58425
156	166	2.67068
156	210	2.78628
156	231	2.94395
156	237	2.96233
156	244	2.7
156	330	2.93025
156	439	3.49377
157	72	2.35757
157	79	2.39428
157	184	2.63416
157	187	3.04437
157	212	3.23344
157	285	3.34626
157	300	3.34682
157	438	4.68722
158	19	2.26274
158	20	2.11161
158	33	2.40431
158	71	2.95492
158	103	2.30646
158	398	3.69965
158	399	3.40062
158	402	3.49043
159	43	2.38016
159	61	2.7274
159	68	2.6166
159	106	2.26274
159	203	3.05868
159	275	2.93141
159	305	3.22519
159	349	3.4182
160	131	2.26274
160	252	2.27009
160	378	2.67974
160	411	2.88436
160	433	3.07169
160	452	3.18585
160	476	3.16594
160	485	3.11335
161	9	1.64456
161	131	2.49701
161	174	2.25408
161	230	2.35264
161	366	2.58224
161	383	3.11591
161	386	2.87247
161	481	3.05937
162	81	1.94106
162	120	2.5416
162	137	2.45927
162	178	2.52557
162	194	2.66385
162	204	2.60459
162	262	2.81948
162	319	2.81983
163	201	2.7
163	228	2.11303
163	381	2.74918
163	401	3.02872
163	409	2.74891
163	418	3.37113
163	444	2.95447
163	455	3.40585
164	149	2.15716
164	239	1.9665
164	344	2.36271
164	377	2.65454
164	407	3.01844
164	433	2.72445
164	435	2.62304
164	495	2.85243
165	7	2.25511
165	12	2.17284
165	56	2.17186
165	183	2.27175
165	189	2.46262
165	327	3.23228
165	345	2.8373
165	408	2.97126
166	14	1.92755
166	156	2.67068
166	210	2.72361
166	233	2.7
166	279	2.96202
166	330	2.86759
166	413	3.78005
166	439	3.43111
167	29	1.96533
167	114	2.5128
167	284	2.55089
167	312	2.47978
167	423	3.53157
167	483	5.23832
167	490	3.83799
167	492	3.48702
168	60	2.26274
168	116	2.23145
168	132	2.59404
168	153	2.79051
168	154	2.89803
168	261	3.12169
168	328	3.19315
168	436	3.53515
169	195	2.89235
169	211	2.69071
169	213	2.45342
169	287	3.16228
169	292	3.00116
169	333	3.01466
169	422	3.07142
169	468	3.25964
170	117	2.26274
170	269	2.64613
170	287	2.63049
170	317	2.61414
170	365	2.77469
170	427	3.17647
170	473	3.1121
170	497	3.43091
171	47	1.80676
171	60	2.1664
171	85	2.22974
171	405	2.96017
171	417	2.80778
171	432	2.79686
171	458	2.62617
171	479	2.97288
172	34	2.52289
172	77	2.65413
172	102	2.16168
172	220	2.7
172	263	3.14405
172	283	3.14462
172	289	3.5755
172	313	3.14574
173	138	2.18742
173	207	2.74899
173	235	2.7
173	293	2.90148
173	295	2.85507
173	302	2.92882
173	355	3.05667
173	429	3.69051
174	131	2.98803
174	145	2.34361
174	161	2.25408
174	306	3.10763
174	341	1.60551
174	366	3.07326
174	386	3.36349
174	400	3.24877
175	115	2.26274
175	209	2.64766
175	256	2.69377
175	268	2.81608
175	301	2.85789
175	316	2.77873
175	431	3.29971
175	446	3.30043
176	31	2.17483
176	198	2.81031
176	221	2.87501
176	224	2.89311
176	242	2.57291
176	381	4.15692
176	419	3.16436
176	478	3.88538
177	119	2.47111
177	143	2.26274
177	236	2.46945
177	294	2.56974
177	343	2.6644
177	393	3.41607
177	471	3.22362
177	498	3.56616
178	81	2.36329
178	137	2.8815
178	162	2.52557
178	194	3.08609
178	204	3.02682
178	262	3.24171
178	319	3.24206
178	426	2.52378
179	27	1.24542
179	34	2.26274
179	394	2.39479
179	460	3.1313
179	464	3.26754
179	465	3.39273
179	491	3.45396
179	493	3.50285
180	7	2.54218
180	39	2.6223
180	183	2.55882
180	189	2.74968
180	325	3.64829
180	327	3.51935
180	345	3.12436
180	408	3.25833
181	34	2.17308
181	77	2.30432
181	102	1.81188
181	129	2.44866
181	263	2.79424
181	283	2.79481
181	289	3.2257
181	313	2.79594
182	25	2.09217
182	270	2.4871
182	272	2.40546
182	418	3.06914
182	462	3.44451
182	466	3.80132
182	482	3.02964
182	483	3.11204
183	39	2.67482
183	165	2.27175
183	180	2.55882
183	189	2.8022
183	327	3.57187
183	338	3.64829
183	345	3.17688
183	408	3.31084
184	72	1.97579
184	79	2.0125
184	118	2.2855
184	157	2.63416
184	187	2.66259
184	212	2.85166
184	285	2.96448
184	300	2.96504
185	8	1.41949
185	27	1.83643
185	75	1.70635
185	246	2.0277
185	323	2.57125
185	394	2.9858
185	460	3.72231
185	491	4.04497
186	56	2.26274
186	130	1.79949
186	140	2.30929
186	387	2.97931
186	434	3.31337
186	445	3.01623
186	449	3.43467
186	486	3.49705
187	53	2.81767
187	72	2.386
187	118	2.69571
187	157	3.04437
187	184	2.66259
187	228	2.7
187	285	3.37469
187	300	3.37525
188	38	2.06451
188	63	2.19447
188	136	2.26274
188	337	2.92314
188	341	3.31466
188	350	3.09636
188	456	3.42663
188	494	3.3514
189	7	2.78556
189	39	2.86568
189	165	2.46262
189	180	2.74968
189	183	2.8022
189	327	3.76273
189	345	3.36775
189	408	3.50171
189	449	2.64374
190	46	2.7
190	217	2.31598
190	252	2.50678
190	281	2.69673
190	407	3.60236
190	411	3.12105
190	433	3.30837
190	476	3.40262
190	485	3.35004
191	23	2.7
191	220	2.55462
191	235	2.56867
191	337	3.00462
191	341	3.39614
191	379	3.47195
191	385	2.95491
191	391	3.0382
191	428	3.31412
192	52	1.79805
192	208	2.12032
192	290	3.16228
192	360	3.39833
192	414	3.19142
192	425	3.07181
192	443	3.27855
192	454	3.69989
192	457	3.72387
193	82	2.29716
193	86	2.71003
193	116	2.44017
193	132	2.80275
193	197	2.7
193	261	3.33041
193	338	3.47985
193	357	3.48751
193	436	3.74387
194	81	2.50157
194	120	3.10211
194	137	3.01978
194	162	2.66385
194	178	3.08609
194	204	3.1651
194	262	3.37999
194	319	3.38034
194	353	3.64829
195	44	2.9134
195	99	2.25996
195	141	2.44946
195	169	2.89235
195	292	3.45315
195	315	3.24403
195	412	3.56886
195	422	3.52341
195	465	3.04315
196	89	1.00237
196	146	1.50552
196	323	2.0762
196	394	2.49075
196	460	3.22726
196	464	3.3635
196	465	3.48868
196	491	3.54992
196	493	3.5988
197	18	2.11529
197	51	2.80358
197	193	2.7
197	288	2.71741
197	309	2.91908
197	347	3.02784
197	421	3.52233
197	432	3.47672
197	488	3.72831
198	108	2.7
198	176	2.81031
198	200	2.82148
198	226	2.60209
198	255	2.53145
198	375	3.15683
198	419	3.27661
198	438	3.49427
198	459	3.61907
199	44	2.93644
199	99	2.283
199	213	2.92845
199	233	2.90145
199	267	3.23808
199	292	3.4762
199	298	3.28719
199	315	3.26708
199	428	4.68722
200	31	2.186
200	148	2.59378
200	198	2.82148
200	218	2.66606
200	221	2.88617
200	438	3.39318
200	470	2.14502
200	477	3.87442
200	478	3.89654
201	11	2.42296
201	46	2.7485
201	163	2.7
201	214	2.9199
201	243	2.91915
201	257	2.56126
201	348	3.66895
201	351	3.27698
201	403	3.78616
202	43	2.57311
202	59	2.58467
202	61	2.92035
202	68	2.80955
202	203	3.25163
202	275	3.12436
202	305	3.41814
202	307	3.16228
202	349	3.61115
203	21	2.93646
203	43	2.47466
203	68	2.7111
203	159	3.05868
203	202	3.25163
203	275	3.02591
203	305	3.31969
203	327	2.24813
203	349	3.51269
204	2	2.85459
204	120	3.04284
204	137	2.96051
204	162	2.60459
204	178	3.02682
204	194	3.1651
204	262	3.32073
204	319	3.32107
204	403	2.49728
205	24	2.46802
205	58	2.88323
205	66	2.47827
205	229	3.19856
205	247	2.90032
205	310	3.43333
205	321	3.3701
205	325	3.57155
205	462	3.04315
206	51	2.51469
206	128	2.22811
206	337	3.64829
206	405	3.35114
206	417	3.19875
206	432	3.18783
206	458	3.01714
206	479	3.36384
206	488	3.43942
207	13	2.70811
207	136	2.79958
207	138	2.45787
207	155	2.7
207	173	2.74899
207	293	3.17192
207	295	3.12551
207	355	3.32712
207	429	3.96095
208	192	2.12032
208	238	2.39098
208	267	3.16228
208	360	3.29903
208	414	3.09212
208	425	2.97251
208	443	3.17926
208	454	3.60059
208	457	3.62458
209	175	2.64766
209	248	2.63728
209	268	2.83893
209	307	2.84958
209	350	3.64829
209	363	3.03909
209	431	3.32256
209	440	3.65289
209	446	3.32328
210	151	2.26059
210	156	2.78628
210	166	2.72361
210	237	3.01527
210	279	3.07762
210	330	2.98319
210	413	3.89565
210	439	3.54671
210	468	5.23832
211	53	2.7
211	141	2.24782
211	169	2.69071
211	233	2.67676
211	267	3.01339
211	298	3.0625
211	333	3.26501
211	412	3.36721
211	474	3.98262
212	53	3.00675
212	72	2.57507
212	79	2.61179
212	118	2.88479
212	157	3.23344
212	184	2.85166
212	285	3.56377
212	300	3.56433
212	393	1.08485
213	169	2.45342
213	199	2.92845
213	273	2.88371
213	315	2.80509
213	341	2.04277
213	412	3.12992
213	422	3.08447
213	468	3.27269
213	474	3.74533
214	11	2.4569
214	83	2.53738
214	201	2.9199
214	243	2.95308
214	257	2.5952
214	348	3.70289
214	351	3.31092
214	403	3.8201
214	405	2.50245
215	24	2.13623
215	57	2.65427
215	58	2.55145
215	66	2.14649
215	229	2.86678
215	247	2.56854
215	310	3.10154
215	321	3.03832
215	325	3.23976
216	15	2.7
216	97	1.93147
216	127	2.52762
216	326	2.82358
216	406	3.28749
216	447	3.13904
216	466	4.01852
216	482	3.24684
216	483	3.32924
217	86	2.7
217	190	2.31598
217	344	2.73882
217	407	3.39455
217	420	2.93382
217	433	3.10056
217	470	3.38551
217	476	3.19481
217	495	3.22854
218	5	2.05066
218	200	2.66606
218	242	2.52974
218	375	3.00141
218	380	3.06403
218	413	1.35
218	437	3.32215
218	477	3.82009
218	478	3.84221
219	91	2.7
219	299	2.63831
219	311	2.52231
219	368	2.86177
219	372	3.05463
219	416	3.11691
219	441	3.41835
219	448	3.11778
219	480	3.5692
220	172	2.7
220	191	2.55462
220	324	2.82192
220	350	3.02355
220	370	2.80046
220	385	2.80062
220	456	3.35382
220	484	3.67218
220	494	3.27859
221	31	2.35178
221	105	2.7
221	176	2.87501
221	200	2.88617
221	226	2.66678
221	340	3.22212
221	380	3.28414
221	419	3.3413
221	459	3.68376
222	100	2.7
222	152	1.7759
222	234	2.56571
222	376	2.91728
222	387	3.23995
222	397	3.13232
222	430	3.20657
222	449	3.69531
222	486	3.75769
223	3	2.98373
223	35	2.87882
223	93	2.51326
223	126	2.7495
223	240	2.93718
223	245	3.31129
223	276	3.4579
223	315	3.16228
223	322	3.45847
224	5	2.28887
224	148	2.77767
224	176	2.89311
224	255	2.61425
224	375	3.23962
224	419	3.3594
224	437	3.56037
224	438	3.57706
224	464	3.04315
225	134	1.52621
225	362	2.44925
225	364	2.50044
225	410	2.56384
225	442	2.74126
225	472	2.88857
225	475	2.95346
225	499	3.40684
225	500	3.27343
226	77	2.7
226	198	2.60209
226	221	2.66678
226	340	2.83695
226	380	2.89897
226	437	3.15709
226	438	3.17379
226	459	3.29859
226	477	3.65503
227	127	2.48726
227	272	2.58229
227	326	2.78322
227	406	3.24713
227	447	3.09868
227	462	3.62134
227	482	3.20648
227	483	3.28888
227	498	1.91113
228	163	2.11303
228	187	2.7
228	381	2.84814
228	396	3.33009
228	401	3.12768
228	409	2.84788
228	418	3.47009
228	444	3.05343
228	455	3.50481
229	57	2.90125
229	66	2.39346
229	205	3.19856
229	215	2.86678
229	247	2.81551
229	261	3.16228
229	310	3.34852
229	321	3.28529
229	325	3.48674
230	9	2.23414
230	125	2.97079
230	161	2.35264
230	306	3.2062
230	356	3.03826
230	383	3.70549
230	386	3.46205
230	400	3.34733
230	425	4.68722
231	14	2.20082
231	41	2.59404
231	151	2.41827
231	156	2.94395
231	279	3.23529
231	330	3.14087
231	413	4.05332
231	439	3.70438
231	488	5.80948
232	135	1.95059
232	149	2.79735
232	252	2.56304
232	305	3.16228
232	377	3.29473
232	420	3.1979
232	433	3.36464
232	470	3.64958
232	476	3.45889
233	166	2.7
233	199	2.90145
233	211	2.67676
233	273	2.8567
233	298	2.79821
233	333	3.00071
233	412	3.10292
233	468	3.24569
233	474	3.71833
234	10	2.09903
234	130	2.09217
234	222	2.56571
234	342	3.64829
234	397	3.16435
234	430	3.23861
234	434	3.60604
234	449	3.72735
234	486	3.78972
235	173	2.7
235	191	2.56867
235	304	2.85619
235	337	2.86438
235	370	2.81451
235	379	3.3317
235	456	3.36787
235	469	3.21047
235	494	3.29264
236	36	2.28662
236	123	2.7
236	139	2.5301
236	177	2.46945
236	334	3.25142
236	352	3.0852
236	388	3.17686
236	461	3.6493
236	498	3.84543
237	14	2.2192
237	41	2.61241
237	151	2.43664
237	156	2.96233
237	210	3.01527
237	279	3.25367
237	413	4.0717
237	439	3.72276
237	453	2.83779
238	50	2.13183
238	55	1.76115
238	208	2.39098
238	360	3.66898
238	414	3.46208
238	425	3.34246
238	443	3.54921
238	454	3.97055
238	460	3.04315
239	87	2.7
239	149	2.76772
239	164	1.9665
239	281	2.72336
239	411	3.14768
239	420	3.16826
239	452	3.44917
239	470	3.61995
239	495	3.46298
240	3	2.6173
240	35	2.51239
240	93	2.14683
240	108	2.56499
240	126	2.38307
240	223	2.93718
240	245	2.94486
240	276	3.09147
240	322	3.09204
241	20	1.88361
241	71	2.72693
241	96	2.7
241	286	2.85504
241	353	3.04549
241	392	3.38451
241	402	3.26244
241	463	3.57054
241	496	3.57722
242	176	2.57291
242	218	2.52974
242	255	2.29405
242	380	2.98205
242	419	3.0392
242	459	3.38166
242	477	3.7381
242	478	3.76022
242	482	5.23832
243	11	2.45614
243	78	2.53641
243	201	2.91915
243	214	2.95308
243	257	2.59445
243	334	3.64829
243	348	3.70213
243	351	3.31017
243	403	3.81934
244	110	2.07575
244	133	2.85266
244	150	2.63092
244	156	2.7
244	297	3.09411
244	318	3.05339
244	329	3.22828
244	332	3.62542
244	384	3.73766
245	35	2.8865
245	93	2.52094
245	108	2.9391
245	126	2.75718
245	223	3.31129
245	240	2.94486
245	276	3.46558
245	322	3.46615
245	347	3.64829
246	89	1.22736
246	185	2.0277
246	314	3.16228
246	394	2.71574
246	460	3.45225
246	464	3.58849
246	465	3.71368
246	491	3.77491
246	493	3.8238
247	24	2.08496
247	57	2.603
247	66	2.09522
247	205	2.90032
247	215	2.56854
247	229	2.81551
247	310	3.05027
247	321	2.98705
247	325	3.18849
248	6	2.7
248	209	2.63728
248	268	2.80571
248	301	2.84752
248	307	2.81636
248	363	3.00587
248	431	3.28934
248	440	3.61967
248	446	3.29006
249	26	1.99772
249	145	2.37083
249	356	2.96692
249	358	3.64829
249	366	3.10049
249	383	3.63415
249	386	3.39071
249	400	3.276
249	481	3.57762
250	50	2.06523
250	92	1.91186
250	96	2.31527
250	321	3.16228
250	414	3.39547
250	425	3.27586
250	443	3.48261
250	454	3.90394
250	457	3.92793
251	1	2.0423
251	287	2.8539
251	288	3.16228
251	291	2.89139
251	320	3.13036
251	336	2.95853
251	339	3.2286
251	361	3.23063
251	489	3.96535
252	122	2.26616
252	135	1.87731
252	160	2.27009
252	190	2.50678
252	232	2.56304
252	374	2.71407
252	420	3.12462
252	452	3.40553
252	470	3.57631
253	22	1.96637
253	83	2.7
253	278	2.68423
253	362	2.96483
253	389	2.96573
253	410	3.07942
253	472	3.40415
253	475	3.46904
253	500	3.78901
254	4	2.7
254	15	3.12304
254	40	3.12323
254	48	2.53187
254	70	2.8573
254	121	3.21912
254	144	3.21811
254	147	2.74878
254	260	3.47603
255	148	2.30376
255	198	2.53145
255	224	2.61425
255	242	2.29405
255	280	2.49415
255	308	2.60451
255	375	2.76572
255	438	3.10316
255	478	3.60652
256	98	2.34034
256	175	2.69377
256	307	2.89569
256	316	2.84769
256	363	3.08521
256	423	2.56224
256	431	3.36867
256	440	3.699
256	446	3.36939
257	46	2.4238
257	78	2.17853
257	83	2.17874
257	201	2.56126
257	214	2.5952
257	243	2.59445
257	348	3.34425
257	351	2.95228
257	403	3.46146
258	38	2.08978
258	324	2.92
258	350	3.12163
258	391	2.98199
258	428	3.25791
258	451	3.26084
258	467	5.23832
258	469	3.29451
258	494	3.37667
259	74	2.23367
259	114	2.73903
259	277	2.75084
259	312	2.70602
259	361	2.47927
259	373	3.25773
259	382	3.23677
259	423	3.7578
259	490	4.06423
259	492	3.71325
260	15	3.27416
260	16	3.10515
260	40	3.27435
260	48	2.68299
260	70	3.00842
260	121	3.37024
260	144	3.36924
260	147	2.8999
260	254	3.47603
260	396	1.31599
261	73	2.93375
261	82	2.3959
261	116	2.53891
261	154	3.20548
261	168	3.12169
261	193	3.33041
261	229	3.16228
261	328	3.50061
261	357	3.58624
261	436	3.8426
262	2	3.06949
262	32	3.16228
262	81	2.6572
262	120	3.25774
262	137	3.17541
262	162	2.81948
262	178	3.24171
262	194	3.37999
262	204	3.32073
262	319	3.53597
263	34	2.88083
263	68	3.16228
263	77	3.01207
263	102	2.51963
263	129	3.15641
263	172	3.14405
263	181	2.79424
263	283	3.50256
263	289	3.93345
263	313	3.50369
264	17	2.10339
264	266	2.64857
264	381	3.06706
264	396	3.54901
264	401	3.3466
264	409	3.06679
264	418	3.68901
264	444	3.27235
264	455	3.72373
264	491	3.35506
265	278	3.16228
265	314	2.70841
265	346	2.88272
265	354	2.89662
265	369	2.79059
265	371	2.77462
265	424	3.56699
265	426	3.50533
265	450	3.67754
265	453	3.67801
266	84	2.10129
266	109	3.16228
266	264	2.64857
266	381	3.06581
266	396	3.54776
266	401	3.34535
266	409	3.06554
266	418	3.68776
266	444	3.2711
266	455	3.72248
267	42	2.49232
267	99	2.13066
267	199	3.23808
267	208	3.16228
267	211	3.01339
267	315	3.11473
267	412	3.43955
267	422	3.3941
267	468	3.58233
267	474	4.05496
268	175	2.81608
268	209	2.83893
268	248	2.80571
268	277	3.16228
268	307	3.018
268	316	2.97
268	363	3.20752
268	431	3.49098
268	440	3.82132
268	446	3.49171
269	170	2.64613
269	274	2.82418
269	317	2.92279
269	320	3.2156
269	336	3.04377
269	367	2.87561
269	372	0.786122
269	404	3.4604
269	473	3.42076
269	489	4.05059
270	127	2.75372
270	182	2.4871
270	326	3.04969
270	331	2.9665
270	359	2.98735
270	394	4.15692
270	406	3.5136
270	447	3.36515
270	462	3.88781
270	482	3.47295
271	115	2.34601
271	155	2.78759
271	287	2.9013
271	332	0.500545
271	342	3.05852
271	365	3.04551
271	427	3.44729
271	467	3.24413
271	487	3.63426
271	489	4.01275
272	127	2.67208
272	182	2.40546
272	227	2.58229
272	326	2.96805
272	390	3.15762
272	406	3.43195
272	427	4.68722
272	447	3.2835
272	462	3.80617
272	466	4.16298
273	42	2.59992
273	44	2.8917
273	141	2.42776
273	213	2.88371
273	233	2.8567
273	333	3.44496
273	383	2.52823
273	422	3.50171
273	468	3.68993
273	474	4.16257
274	1	1.99694
274	269	2.82418
274	339	3.18324
274	367	2.745
274	427	3.35452
274	473	3.29015
274	480	2.97669
274	487	3.54149
274	489	3.91998
274	497	3.60896
275	21	2.80919
275	43	2.34738
275	59	2.35894
275	61	2.69463
275	68	2.58383
275	159	2.93141
275	202	3.12436
275	203	3.02591
275	305	3.19242
275	349	3.38542
276	3	3.13803
276	35	3.03312
276	93	2.66756
276	108	3.08572
276	126	2.9038
276	223	3.4579
276	240	3.09147
276	245	3.46558
276	322	3.61277
276	402	4.15692
277	29	2.18786
277	114	2.73533
277	259	2.75084
277	268	3.16228
277	284	2.77342
277	373	3.25403
277	382	3.23307
277	423	3.7541
277	490	4.06053
277	492	3.70955
278	253	2.68423
278	265	3.16228
278	362	2.92921
278	364	2.9804
278	389	2.93011
278	410	3.04381
278	442	3.22122
278	472	3.36854
278	475	3.43342
278	499	3.8868
279	14	2.28155
279	111	3.16228
279	151	2.49899
279	166	2.96202
279	210	3.07762
279	231	3.23529
279	237	3.25367
279	330	3.22159
279	413	4.13405
279	439	3.78511
280	52	3.16228
280	64	1.77463
280	255	2.49415
280	308	2.95832
280	340	3.12013
280	380	3.18215
280	437	3.44027
280	459	3.58177
280	477	3.93821
280	478	3.96033
281	49	2.49134
281	190	2.69673
281	239	2.72336
281	296	3.16228
281	374	2.90402
281	433	3.48132
281	435	3.3799
281	452	3.59548
281	476	3.57557
281	495	3.60929
282	38	2.36018
282	63	2.49014
282	124	2.32799
282	370	3.16894
282	391	3.25239
282	428	3.52831
282	433	4.68722
282	456	3.7223
282	469	3.5649
282	484	4.04065
283	34	2.8814
283	77	3.01264
283	102	2.5202
283	129	3.15698
283	172	3.14462
283	181	2.79481
283	263	3.50256
283	289	3.93402
283	313	3.50426
283	384	1.83546
284	74	2.25625
284	149	3.16228
284	167	2.55089
284	277	2.77342
284	312	2.7286
284	373	3.28031
284	382	3.25935
284	423	3.78038
284	490	4.08681
284	492	3.73583
285	53	3.11957
285	72	2.68789
285	79	2.7246
285	118	2.9976
285	157	3.34626
285	184	2.96448
285	187	3.37469
285	212	3.56377
285	295	3.16228
285	300	3.67714
286	30	2.67359
286	105	2.47158
286	241	2.85504
286	335	3.63318
286	358	2.94006
286	362	3.64829
286	392	3.43185
286	399	3.21997
286	463	3.61788
286	496	3.62456
287	169	3.16228
287	170	2.63049
287	251	2.8539
287	271	2.9013
287	317	2.90716
287	320	3.19996
287	365	3.06771
287	427	3.46949
287	473	3.40512
287	489	4.03495
288	197	2.71741
288	251	3.16228
288	309	2.67107
288	405	3.39202
288	417	3.23963
288	421	3.27432
288	432	3.2287
288	458	3.05801
288	479	3.40472
288	488	3.4803
289	34	3.31229
289	102	2.95109
289	129	3.58787
289	172	3.5755
289	181	3.2257
289	263	3.93345
289	283	3.93402
289	313	3.93514
289	401	0.315358
289	476	5.23832
290	192	3.16228
290	344	2.79637
290	420	2.99136
290	433	3.15811
290	435	3.05669
290	452	3.27227
290	470	3.44305
290	476	3.25236
290	485	3.19977
290	495	3.28608
291	65	2.39537
291	155	2.84728
291	251	2.89139
291	320	3.23745
291	342	3.11821
291	365	3.1052
291	427	3.50698
291	448	4.68722
291	467	3.30383
291	489	4.07244
292	42	2.73043
292	99	2.36877
292	141	2.55827
292	169	3.00116
292	195	3.45315
292	199	3.4762
292	298	3.37296
292	412	3.67767
292	440	1.02001
292	468	3.82044
293	13	2.8606
293	88	2.68728
293	138	2.61036
293	173	2.90148
293	207	3.17192
293	295	3.278
293	302	3.35175
293	355	3.47961
293	429	4.11344
293	471	5.23832
294	80	2.25822
294	119	2.85066
294	142	2.64782
294	177	2.56974
294	343	3.04394
294	386	4.15692
294	393	3.79562
294	461	3.74959
294	471	3.60316
294	498	3.94571
295	19	2.84174
295	88	2.64087
295	136	2.90566
295	173	2.85507
295	207	3.12551
295	285	3.16228
295	293	3.278
295	302	3.30534
295	355	3.4332
295	429	4.06703
296	95	2.50585
296	281	3.16228
296	304	3.05794
296	324	3.03772
296	337	3.06613
296	379	3.53346
296	385	3.01642
296	428	3.37563
296	451	3.37856
296	494	3.49439
297	110	2.26344
297	123	2.84197
297	133	3.04035
297	150	2.81861
297	244	3.09411
297	318	3.24108
297	329	3.41597
297	332	3.81311
297	384	3.92535
297	421	4.68722
298	42	2.54142
298	44	2.8332
298	199	3.28719
298	211	3.0625
298	233	2.79821
298	292	3.37296
298	412	3.48866
298	422	3.44321
298	434	2.99873
298	468	3.63143
299	62	1.90765
299	87	2.29452
299	219	2.63831
299	311	2.99069
299	363	3.64829
299	372	3.52301
299	416	3.5853
299	441	3.88673
299	448	3.58617
299	480	4.03758
300	53	3.12013
300	72	2.68845
300	79	2.72517
300	118	2.99817
300	157	3.34682
300	184	2.96504
300	187	3.37525
300	212	3.56433
300	285	3.67714
300	499	2.14227
301	98	2.50446
301	104	3.16228
301	175	2.85789
301	248	2.84752
301	307	3.05981
301	316	3.01181
301	363	3.24933
301	431	3.53279
301	440	3.86313
301	446	3.53352
302	13	2.88794
302	88	2.71462
302	136	2.97941
302	138	2.6377
302	173	2.92882
302	293	3.35175
302	295	3.30534
302	308	3.16228
302	355	3.50695
302	429	4.14078
303	20	2.38682
303	33	2.67952
303	100	2.88937
303	103	2.58167
303	105	2.92744
303	353	3.54869
303	358	3.39592
303	398	3.97486
303	437	4.68722
303	496	4.08043
304	36	3.16228
304	109	2.70023
304	124	2.40132
304	235	2.85619
304	296	3.05794
304	337	3.29214
304	350	3.46536
304	385	3.24243
304	391	3.32573
304	484	4.11399
305	21	3.10297
305	59	2.65273
305	61	2.98841
305	68	2.87761
305	159	3.22519
305	202	3.41814
305	203	3.31969
305	232	3.16228
305	275	3.19242
305	349	3.67921
306	9	2.49811
306	26	2.33303
306	145	2.70614
306	174	3.10763
306	230	3.2062
306	356	3.30223
306	366	3.43579
306	383	3.96946
306	477	3.37048
306	481	3.91292
307	202	3.16228
307	209	2.84958
307	248	2.81636
307	256	2.89569
307	268	3.018
307	301	3.05981
307	316	2.98065
307	431	3.50163
307	440	3.83196
307	446	3.50235
308	5	2.27914
308	64	1.88499
308	255	2.60451
308	280	2.95832
308	302	3.16228
308	419	3.34967
308	438	3.56733
308	459	3.69213
308	477	4.04857
308	478	4.07069
309	47	2.44027
309	60	2.79992
309	197	2.91908
309	288	2.67107
309	395	3.31149
309	417	3.4413
309	421	3.47599
309	432	3.43037
309	479	3.60639
309	488	3.68197
310	24	2.61797
310	58	3.03319
310	66	2.62823
310	205	3.43333
310	215	3.10154
310	229	3.34852
310	247	3.05027
310	321	3.52005
310	325	3.7215
310	451	5.23832
311	107	2.41579
311	143	2.47723
311	219	2.52231
311	299	2.99069
311	331	3.64829
311	372	3.40701
311	416	3.46929
311	441	3.77073
311	448	3.47016
311	480	3.92158
312	28	1.92723
312	67	1.84145
312	114	2.69051
312	167	2.47978
312	259	2.70602
312	284	2.7286
312	373	3.2092
312	382	3.18824
312	490	4.01571
312	492	3.66473
313	34	2.88253
313	77	3.01377
313	102	2.52133
313	129	3.15811
313	172	3.14574
313	181	2.79594
313	263	3.50369
313	283	3.50426
313	289	3.93514
313	474	1.85669
314	106	2.27322
314	246	3.16228
314	265	2.70841
314	346	3.06671
314	354	3.08062
314	369	2.97459
314	371	2.95862
314	426	3.68933
314	450	3.86154
314	453	3.86201
315	99	2.15965
315	195	3.24403
315	199	3.26708
315	213	2.80509
315	223	3.16228
315	267	3.11473
315	333	3.36634
315	412	3.46855
315	422	3.4231
315	468	3.61132
316	61	3.16228
316	175	2.77873
316	256	2.84769
316	268	2.97
316	301	3.01181
316	307	2.98065
316	363	3.17017
316	431	3.45363
316	440	3.78396
316	446	3.45435
317	37	2.32575
317	170	2.61414
317	269	2.92279
317	287	2.90716
317	361	3.28389
317	365	3.05136
317	487	3.64011
317	489	4.0186
317	490	3.17061
317	497	3.70758
318	104	3.12558
318	110	2.22272
318	133	2.99963
318	150	2.77789
318	244	3.05339
318	297	3.24108
318	329	3.37526
318	332	3.77239
318	384	3.88464
318	466	2.8076
319	2	3.06984
319	44	3.16228
319	81	2.65755
319	120	3.25809
319	137	3.17576
319	162	2.81983
319	178	3.24206
319	194	3.38034
319	204	3.32107
319	262	3.53597
320	40	3.16228
320	65	2.63434
320	115	2.64467
320	251	3.13036
320	269	3.2156
320	287	3.19996
320	291	3.23745
320	367	3.13642
320	404	3.72122
320	467	3.54279
321	24	2.55474
321	57	3.07278
321	58	2.96996
321	205	3.3701
321	215	3.03832
321	229	3.28529
321	247	2.98705
321	250	3.16228
321	310	3.52005
321	325	3.65827
322	3	3.13859
322	35	3.03369
322	93	2.66813
322	108	3.08629
322	126	2.90437
322	223	3.45847
322	240	3.09204
322	245	3.46615
322	276	3.61277
322	365	3.64829
323	27	2.10993
323	71	3.64829
323	89	1.77092
323	185	2.57125
323	196	2.0762
323	394	3.2593
323	460	3.99581
323	464	4.13205
323	465	4.25723
323	491	4.31847
323	493	4.36735
324	95	2.71164
324	220	2.82192
324	258	2.92
324	296	3.03772
324	337	3.27192
324	350	3.44514
324	355	3.64829
324	415	3.32449
324	451	3.58435
324	469	3.61802
324	484	4.09377
325	24	2.75619
325	57	3.27423
325	58	3.1714
325	66	2.76645
325	180	3.64829
325	205	3.57155
325	215	3.23976
325	229	3.48674
325	247	3.18849
325	310	3.7215
325	321	3.65827
326	216	2.82358
326	227	2.78322
326	270	3.04969
326	272	2.96805
326	359	3.10663
326	366	3.64829
326	390	3.35855
326	447	3.48443
326	462	4.00709
326	482	3.59223
326	483	3.67463
327	6	3.39201
327	12	3.47296
327	51	1.40016
327	56	3.47197
327	165	3.23228
327	180	3.51935
327	183	3.57187
327	189	3.76273
327	203	2.24813
327	345	4.13741
327	408	4.27138
328	41	3.64829
328	86	2.88023
328	116	2.61037
328	132	2.97295
328	153	3.16942
328	154	3.27694
328	168	3.19315
328	261	3.50061
328	338	3.65005
328	357	3.65771
328	436	3.91407
329	104	3.30048
329	110	2.39762
329	123	2.97615
329	125	3.64829
329	133	3.17453
329	150	2.95278
329	244	3.22828
329	297	3.41597
329	318	3.37526
329	332	3.94728
329	384	4.05953
330	14	2.18713
330	32	2.78117
330	41	2.58034
330	151	2.40457
330	156	2.93025
330	166	2.86759
330	210	2.98319
330	231	3.14087
330	279	3.22159
330	413	4.03962
330	439	3.69069
331	23	2.53425
331	97	2.19367
331	270	2.9665
331	311	3.64829
331	359	3.02344
331	390	3.27536
331	406	3.54969
331	462	3.9239
331	466	4.28072
331	482	3.50904
331	483	3.59144
332	104	3.69761
332	110	2.79475
332	123	3.37329
332	150	3.34992
332	244	3.62542
332	271	0.500545
332	297	3.81311
332	318	3.77239
332	329	3.94728
332	384	4.45666
332	485	5.80948
333	99	2.38227
333	141	2.57177
333	169	3.01466
333	211	3.26501
333	233	3.00071
333	273	3.44496
333	315	3.36634
333	422	3.64572
333	457	1.82414
333	468	3.83394
333	474	4.30658
334	4	2.70019
334	80	2.66064
334	101	3.29243
334	113	3.04606
334	119	3.25308
334	139	3.0328
334	236	3.25142
334	243	3.64829
334	343	3.44636
334	461	4.15201
334	471	4.00558
335	20	2.66175
335	90	3.13722
335	100	3.1643
335	133	1.82414
335	137	1.82414
335	286	3.63318
335	353	3.82362
335	358	3.67085
335	402	4.04058
335	463	4.34867
335	496	4.35536
336	37	2.44672
336	39	3.64829
336	155	2.91442
336	251	2.95853
336	269	3.04377
336	339	3.40283
336	404	3.54939
336	427	3.57411
336	467	3.37096
336	487	3.76109
336	497	3.82856
337	188	2.92314
337	191	3.00462
337	206	3.64829
337	235	2.86438
337	296	3.06613
337	304	3.29214
337	324	3.27192
337	341	3.69185
337	415	3.3529
337	469	3.64643
337	494	3.72859
338	73	3.08318
338	82	2.54533
338	116	2.68835
338	132	3.05093
338	153	3.2474
338	154	3.35492
338	183	3.64829
338	193	3.47985
338	328	3.65005
338	357	3.73568
338	436	3.99204
339	1	2.4866
339	115	2.74291
339	155	3.18449
339	251	3.2286
339	274	3.18324
339	336	3.40283
339	342	3.45542
339	367	3.23467
339	404	3.81946
339	496	5.80948
339	497	4.09863
340	5	2.44095
340	31	2.52195
340	221	3.22212
340	226	2.83695
340	280	3.12013
340	375	3.39169
340	401	3.84156
340	419	3.51147
340	438	3.72913
340	459	3.85394
340	477	4.21037
341	124	2.80103
341	174	1.60551
341	188	3.31466
341	191	3.39614
341	213	2.04277
341	337	3.69185
341	370	3.64199
341	391	3.72543
341	415	3.74442
341	428	4.00135
341	484	4.5137
342	37	2.49931
342	65	2.51509
342	234	3.64829
342	271	3.05852
342	291	3.11821
342	339	3.45542
342	361	3.45745
342	427	3.6267
342	467	3.42355
342	487	3.81367
342	497	3.88114
343	45	3.64829
343	91	2.70104
343	113	2.7383
343	177	2.6644
343	294	3.04394
343	334	3.44636
343	352	3.28014
343	388	3.3718
343	461	3.84424
343	471	3.69782
343	498	4.04037
344	122	2.70601
344	164	2.36271
344	217	2.73882
344	290	2.79637
344	377	3.66131
344	378	3.33927
344	424	1.82414
344	433	3.73122
344	435	3.62981
344	470	4.01616
344	476	3.82547
345	6	2.99702
345	7	3.16024
345	12	3.07797
345	56	3.07699
345	165	2.8373
345	180	3.12436
345	183	3.17688
345	189	3.36775
345	327	4.13741
345	408	3.87639
345	417	4.68722
346	76	2.29337
346	84	3.64829
346	106	2.44752
346	265	2.88272
346	314	3.06671
346	369	3.14889
346	371	3.13292
346	424	3.92529
346	426	3.86363
346	450	4.03584
346	453	4.03631
347	47	2.54903
347	85	2.97202
347	128	2.57941
347	197	3.02784
347	245	3.64829
347	405	3.70245
347	417	3.55006
347	421	3.58475
347	458	3.36844
347	479	3.71515
347	488	3.79073
348	11	3.20595
348	78	3.28622
348	83	3.28643
348	201	3.66895
348	214	3.70289
348	243	3.70213
348	257	3.34425
348	351	4.05997
348	403	4.56915
348	456	5.23832
348	492	5.80948
349	11	3.64829
349	21	3.29598
349	43	2.83417
349	59	2.84573
349	61	3.18142
349	68	3.07062
349	159	3.4182
349	202	3.61115
349	203	3.51269
349	275	3.38542
349	305	3.67921
350	38	2.61492
350	109	2.88164
350	188	3.09636
350	209	3.64829
350	220	3.02355
350	258	3.12163
350	304	3.46536
350	324	3.44514
350	385	3.42384
350	428	3.78305
350	456	3.97704
351	11	2.81398
351	46	3.13952
351	78	2.89425
351	83	2.89446
351	148	3.64829
351	201	3.27698
351	214	3.31092
351	243	3.31017
351	257	2.95228
351	348	4.05997
351	403	4.17718
352	4	2.53397
352	58	3.64829
352	91	2.84258
352	101	3.12621
352	119	3.08686
352	139	2.86658
352	236	3.0852
352	343	3.28014
352	461	3.98579
352	471	3.83936
352	498	4.18191
353	30	2.86403
353	71	2.96472
353	103	2.31625
353	194	3.64829
353	241	3.04549
353	303	3.54869
353	335	3.82362
353	358	3.1305
353	392	3.62229
353	398	3.70944
353	496	3.81501
354	76	2.30728
354	94	2.32238
354	265	2.89662
354	314	3.08062
354	369	3.16279
354	371	3.14683
354	397	4.15692
354	424	3.93919
354	426	3.87754
354	450	4.04975
354	453	4.05022
355	19	3.04334
355	88	2.84248
355	136	3.10726
355	138	2.76555
355	173	3.05667
355	207	3.32712
355	293	3.47961
355	295	3.4332
355	302	3.50695
355	324	3.64829
355	429	4.26863
356	131	3.18262
356	145	2.5382
356	230	3.03826
356	249	2.96692
356	306	3.30223
356	366	3.26786
356	383	3.80152
356	386	3.55808
356	400	3.44337
356	470	3.0933
356	481	3.74499
357	73	3.09084
357	82	2.553
357	86	2.96586
357	116	2.69601
357	132	3.05859
357	193	3.48751
357	261	3.58624
357	328	3.65771
357	338	3.73568
357	422	4.68722
357	436	3.9997
358	105	2.50925
358	111	3.16231
358	249	3.64829
358	286	2.94006
358	303	3.39592
358	335	3.67085
358	353	3.1305
358	392	3.46952
358	398	3.55667
358	402	3.34746
358	463	3.65555
359	25	2.59241
359	112	2.92807
359	270	2.98735
359	326	3.10663
359	331	3.02344
359	390	3.29621
359	406	3.57054
359	407	2.69381
359	447	3.42209
359	466	4.30157
359	483	3.61229
360	55	2.6692
360	92	2.88652
360	96	3.28993
360	192	3.39833
360	208	3.29903
360	238	3.66898
360	425	4.25051
360	441	0.392639
360	443	4.45726
360	457	4.90258
360	481	5.23832
361	94	1.16902
361	251	3.23063
361	259	2.47927
361	317	3.28389
361	342	3.45745
361	365	3.44444
361	367	3.2367
361	467	3.64307
361	487	4.03319
361	489	4.41168
361	497	4.10066
362	22	2.21135
362	225	2.44925
362	253	2.96483
362	278	2.92921
362	286	3.64829
362	389	3.21071
362	442	3.50181
362	472	3.64913
362	475	3.71402
362	499	4.16739
362	500	4.03399
363	98	2.66282
363	209	3.03909
363	248	3.00587
363	256	3.08521
363	268	3.20752
363	299	3.64829
363	301	3.24933
363	316	3.17017
363	431	3.69115
363	440	4.02148
363	446	3.69187
364	7	3.64829
364	69	2.19681
364	134	2.33795
364	225	2.50044
364	278	2.9804
364	395	3.6716
364	410	3.37559
364	472	3.70032
364	475	3.76521
364	499	4.21858
364	500	4.08518
365	170	2.77469
365	271	3.04551
365	287	3.06771
365	291	3.1052
365	317	3.05136
365	322	3.64829
365	361	3.44444
365	404	3.58897
365	467	3.41054
365	473	3.54933
365	487	3.80067
366	26	2.29866
366	161	2.58224
366	174	3.07326
366	249	3.10049
366	306	3.43579
366	326	3.64829
366	356	3.26786
366	383	3.93509
366	386	3.69165
366	400	3.57693
366	481	3.87855
367	269	2.87561
367	274	2.745
367	320	3.13642
367	339	3.23467
367	361	3.2367
367	404	3.38123
367	411	4.15692
367	427	3.40595
367	467	3.2028
367	489	3.97141
367	497	3.66039
368	62	2.13111
368	87	2.51798
368	107	2.75525
368	143	2.81669
368	154	3.64829
368	219	2.86177
368	372	3.74647
368	416	3.80875
368	441	4.11019
368	448	3.80962
368	480	4.26104
369	29	3.64829
369	94	2.21634
369	265	2.79059
369	314	2.97459
369	346	3.14889
369	354	3.16279
369	371	3.04079
369	424	3.83316
369	426	3.7715
369	450	3.94371
369	453	3.94419
370	124	2.35965
370	220	2.80046
370	235	2.81451
370	282	3.16894
370	341	3.64199
370	379	3.71779
370	384	2.32147
370	415	3.30304
370	456	3.75396
370	469	3.59656
370	494	3.67873
371	16	3.64829
371	106	2.33943
371	265	2.77462
371	314	2.95862
371	346	3.13292
371	354	3.14683
371	369	3.04079
371	424	3.81719
371	426	3.75554
371	450	3.92775
371	453	3.92822
372	62	2.32397
372	219	3.05463
372	269	0.786122
372	299	3.52301
372	311	3.40701
372	368	3.74647
372	416	4.00162
372	441	4.30305
372	448	4.00249
372	463	5.23832
372	480	4.4539
373	28	2.47894
373	67	2.39316
373	74	2.73686
373	259	3.25773
373	277	3.25403
373	284	3.28031
373	312	3.2092
373	382	3.73995
373	423	4.26099
373	461	3.51729
373	492	4.21644
374	49	2.5257
374	139	3.64829
374	252	2.71407
374	281	2.90402
374	377	3.44576
374	378	3.12372
374	407	3.80965
374	435	3.41426
374	452	3.62983
374	476	3.60992
374	495	3.64364
375	31	2.52135
375	198	3.15683
375	218	3.00141
375	224	3.23962
375	255	2.76572
375	340	3.39169
375	379	2.77123
375	380	3.45372
375	437	3.71183
375	438	3.72853
375	459	3.85333
376	117	2.50595
376	130	2.44374
376	140	2.95354
376	222	2.91728
376	387	3.62356
376	397	3.51592
376	430	3.59018
376	434	3.95761
376	445	3.66048
376	449	4.07892
376	475	5.23832
376	486	4.1413
377	164	2.65454
377	232	3.29473
377	344	3.66131
377	374	3.44576
377	407	4.31703
377	411	3.83573
377	420	3.85631
377	452	4.13721
377	466	0.0310187
377	485	4.06472
377	493	4.7242
377	495	4.15102
378	122	2.67581
378	149	3.13372
378	160	2.67974
378	344	3.33927
378	374	3.12372
378	407	3.995
378	411	3.51369
378	433	3.70102
378	435	3.5996
378	441	4.29458
378	452	3.81518
378	495	3.82899
379	38	2.90903
379	142	1.38569
379	191	3.47195
379	235	3.3317
379	296	3.53346
379	370	3.71779
379	375	2.77123
379	415	3.82023
379	428	4.07715
379	451	4.08009
379	456	4.27115
379	494	4.19592
380	107	4.15692
380	148	2.99176
380	218	3.06403
380	221	3.28414
380	226	2.89897
380	242	2.98205
380	280	3.18215
380	375	3.45372
380	419	3.57349
380	438	3.79115
380	459	3.91596
380	477	4.2724
381	17	2.52063
381	163	2.74918
381	176	4.15692
381	228	2.84814
381	264	3.06706
381	266	3.06581
381	396	3.96624
381	401	3.76384
381	409	3.48403
381	418	4.10624
381	444	3.68959
381	455	4.14097
382	29	2.67379
382	67	2.3722
382	74	2.7159
382	259	3.23677
382	277	3.23307
382	284	3.25935
382	312	3.18824
382	373	3.73995
382	423	4.24003
382	489	2.63959
382	490	4.54645
382	492	4.19548
383	9	2.99741
383	114	1.62869
383	125	3.73405
383	161	3.11591
383	230	3.70549
383	249	3.63415
383	273	2.52823
383	306	3.96946
383	356	3.80152
383	366	3.93509
383	400	4.1106
383	481	4.41221
384	104	3.80986
384	110	2.90699
384	123	3.48553
384	133	3.68391
384	150	3.46216
384	244	3.73766
384	283	1.83546
384	297	3.92535
384	318	3.88464
384	329	4.05953
384	332	4.45666
384	370	2.32147
385	191	2.95491
385	220	2.80062
385	296	3.01642
385	304	3.24243
385	350	3.42384
385	398	3.23091
385	415	3.30319
385	451	3.56305
385	456	3.75411
385	469	3.59672
385	484	4.07247
385	494	3.67888
386	26	2.58888
386	125	3.49061
386	145	2.96199
386	161	2.87247
386	174	3.36349
386	230	3.46205
386	249	3.39071
386	294	4.15692
386	356	3.55808
386	366	3.69165
386	400	3.86716
386	481	4.16878
387	117	2.82862
387	130	2.76641
387	140	3.27621
387	152	2.48218
387	186	2.97931
387	222	3.23995
387	376	3.62356
387	397	3.83859
387	404	4.15692
387	430	3.91285
387	445	3.98315
387	486	4.46397
388	36	2.71477
388	80	2.58608
388	101	3.21788
388	139	2.95825
388	142	2.97569
388	236	3.17686
388	343	3.3718
388	393	4.12348
388	406	3.34524
388	461	4.07745
388	471	3.93103
388	498	4.27357
389	134	2.28767
389	146	4.15692
389	253	2.96573
389	278	2.93011
389	362	3.21071
389	395	3.62131
389	410	3.3253
389	442	3.50272
389	472	3.65003
389	475	3.71492
389	499	4.1683
389	500	4.03489
390	23	2.80702
390	25	2.84433
390	97	2.46644
390	272	3.15762
390	326	3.35855
390	331	3.27536
390	359	3.29621
390	392	4.15692
390	447	3.67401
390	462	4.19667
390	466	4.55349
390	482	3.78181
391	95	2.77363
391	129	4.15692
391	191	3.0382
391	258	2.98199
391	282	3.25239
391	304	3.32573
391	341	3.72543
391	415	3.38648
391	451	3.64634
391	456	3.8374
391	469	3.68001
391	494	3.76217
392	90	2.93589
392	100	2.96297
392	103	2.65528
392	105	3.00104
392	241	3.38451
392	286	3.43185
392	353	3.62229
392	358	3.46952
392	390	4.15692
392	398	4.04847
392	399	3.74943
392	496	4.15403
393	4	3.1441
393	80	3.10455
393	91	3.45272
393	113	3.48998
393	142	3.49416
393	177	3.41607
393	212	1.08485
393	294	3.79562
393	388	4.12348
393	416	4.68722
393	461	4.59592
393	498	4.79204
394	45	2.30227
394	146	2.68861
394	179	2.39479
394	185	2.9858
394	196	2.49075
394	246	2.71574
394	270	4.15692
394	323	3.2593
394	460	4.41035
394	465	4.67178
394	491	4.73301
394	493	4.7819
395	69	2.55623
395	134	2.69737
395	309	3.31149
395	364	3.6716
395	389	3.62131
395	410	3.735
395	442	3.91242
395	455	0.698268
395	472	4.05973
395	475	4.12462
395	499	4.578
395	500	4.44459
396	17	3.00258
396	84	3.00172
396	228	3.33009
396	260	1.31599
396	264	3.54901
396	266	3.54776
396	381	3.96624
396	401	4.24578
396	409	3.96598
396	432	4.68722
396	444	4.17153
396	455	4.62291
397	10	2.66563
397	117	2.72098
397	140	3.16857
397	152	2.37454
397	222	3.13232
397	234	3.16435
397	354	4.15692
397	376	3.51592
397	387	3.83859
397	434	4.17265
397	449	4.29395
397	486	4.35633
398	90	3.02304
398	92	0.926013
398	105	3.08819
398	158	3.69965
398	303	3.97486
398	353	3.70944
398	358	3.55667
398	385	3.23091
398	392	4.04847
398	399	3.83658
398	463	4.23449
398	496	4.24118
399	30	2.99117
399	33	2.54124
399	90	2.72401
399	111	3.44222
399	158	3.40062
399	286	3.21997
399	392	3.74943
399	398	3.83658
399	402	3.62736
399	463	3.93546
399	484	3.90148
399	496	3.94214
400	9	2.63925
400	26	2.47417
400	73	4.15692
400	125	3.3759
400	174	3.24877
400	230	3.34733
400	249	3.276
400	356	3.44337
400	366	3.57693
400	383	4.1106
400	386	3.86716
400	481	4.05406
401	163	3.02872
401	228	3.12768
401	264	3.3466
401	266	3.34535
401	289	0.315358
401	340	3.84156
401	381	3.76384
401	396	4.24578
401	409	3.76357
401	418	4.38578
401	444	3.96913
401	455	4.42051
402	20	2.33835
402	71	3.18167
402	103	2.53321
402	111	3.53204
402	158	3.49043
402	241	3.26244
402	276	4.15692
402	335	4.04058
402	358	3.34746
402	399	3.62736
402	463	4.02528
402	496	4.03196
403	11	3.32316
403	46	3.64869
403	78	3.40343
403	83	3.40364
403	201	3.78616
403	204	2.49728
403	214	3.8201
403	243	3.81934
403	257	3.46146
403	348	4.56915
403	351	4.17718
403	477	1.86784
404	37	2.86336
404	65	2.87914
404	115	2.88947
404	155	3.33105
404	269	3.4604
404	320	3.72122
404	336	3.54939
404	339	3.81946
404	365	3.58897
404	367	3.38123
404	387	4.15692
404	473	3.92638
405	63	1.65447
405	128	3.1916
405	171	2.96017
405	206	3.35114
405	214	2.50245
405	288	3.39202
405	347	3.70245
405	417	4.16225
405	421	4.19693
405	432	4.15132
405	458	3.98063
405	479	4.32734
406	112	3.45432
406	216	3.28749
406	227	3.24713
406	270	3.5136
406	272	3.43195
406	331	3.54969
406	359	3.57054
406	388	3.34524
406	418	1.61808
406	462	4.471
406	466	4.82782
406	482	4.05614
407	122	3.36174
407	135	2.97289
407	164	3.01844
407	190	3.60236
407	217	3.39455
407	359	2.69381
407	374	3.80965
407	377	4.31703
407	378	3.995
407	478	2.4247
407	485	4.42861
407	495	4.51492
408	6	3.13098
408	7	3.29421
408	12	3.21193
408	39	3.37432
408	56	3.21095
408	165	2.97126
408	180	3.25833
408	183	3.31084
408	189	3.50171
408	327	4.27138
408	345	3.87639
408	479	5.23832
409	84	2.51951
409	122	4.15692
409	163	2.74891
409	228	2.84788
409	264	3.06679
409	266	3.06554
409	381	3.48403
409	396	3.96598
409	401	3.76357
409	418	4.10598
409	444	3.68932
409	455	4.1407
410	134	2.40136
410	140	4.15692
410	225	2.56384
410	253	3.07942
410	278	3.04381
410	364	3.37559
410	389	3.3253
410	395	3.735
410	442	3.61641
410	475	3.82861
410	499	4.28199
410	500	4.14859
411	49	2.91566
411	135	2.49158
411	160	2.88436
411	190	3.12105
411	239	3.14768
411	367	4.15692
411	377	3.83573
411	378	3.51369
411	420	3.73889
411	435	3.80422
411	476	3.99989
411	485	3.9473
412	42	2.84614
412	195	3.56886
412	211	3.36721
412	213	3.12992
412	233	3.10292
412	267	3.43955
412	292	3.67767
412	298	3.48866
412	315	3.46855
412	422	3.74792
412	468	3.93614
412	474	4.40878
412	498	3.89835
413	14	3.09958
413	32	3.69362
413	41	3.49279
413	151	3.31702
413	166	3.78005
413	210	3.89565
413	218	1.35
413	231	4.05332
413	237	4.0717
413	279	4.13405
413	330	4.03962
413	439	4.60314
413	444	4.68722
414	50	2.83297
414	52	2.76985
414	92	2.67961
414	96	3.08302
414	192	3.19142
414	208	3.09212
414	238	3.46208
414	250	3.39547
414	425	4.04361
414	443	4.25035
414	454	4.67169
414	457	4.69567
414	489	3.16988
415	63	2.62423
415	324	3.32449
415	337	3.3529
415	341	3.74442
415	370	3.30304
415	379	3.82023
415	385	3.30319
415	391	3.38648
415	424	2.86307
415	451	3.66533
415	469	3.699
415	484	4.17475
415	494	3.78116
416	62	2.38625
416	87	2.77312
416	107	3.01039
416	143	3.07183
416	219	3.11691
416	299	3.5853
416	311	3.46929
416	368	3.80875
416	372	4.00162
416	393	4.68722
416	441	4.36533
416	448	4.06477
416	480	4.51618
417	51	3.32579
417	54	2.83346
417	60	3.36848
417	171	2.80778
417	206	3.19875
417	288	3.23963
417	309	3.4413
417	345	4.68722
417	347	3.55006
417	405	4.16225
417	458	3.82824
417	479	4.17495
417	488	4.25053
418	17	3.14258
418	84	3.14172
418	163	3.37113
418	182	3.06914
418	228	3.47009
418	264	3.68901
418	266	3.68776
418	381	4.10624
418	401	4.38578
418	406	1.61808
418	409	4.10598
418	444	4.31153
418	455	4.76291
419	70	4.68722
419	148	3.04891
419	176	3.16436
419	198	3.27661
419	221	3.3413
419	224	3.3594
419	242	3.0392
419	308	3.34967
419	340	3.51147
419	380	3.57349
419	437	3.83161
419	477	4.32955
419	478	4.35167
420	30	4.68722
420	122	2.90101
420	217	2.93382
420	232	3.1979
420	239	3.16826
420	252	3.12462
420	290	2.99136
420	377	3.85631
420	411	3.73889
420	452	4.04038
420	470	4.21116
420	485	3.96788
420	495	4.05419
421	18	2.67219
421	47	3.04352
421	51	3.36048
421	54	2.86815
421	197	3.52233
421	288	3.27432
421	297	4.68722
421	309	3.47599
421	347	3.58475
421	405	4.19693
421	432	4.03362
421	458	3.86293
421	488	4.28522
422	44	3.09246
422	169	3.07142
422	195	3.52341
422	213	3.08447
422	267	3.3941
422	273	3.50171
422	298	3.44321
422	315	3.4231
422	333	3.64572
422	357	4.68722
422	412	3.74792
422	468	3.89069
422	474	4.36333
423	28	2.97901
423	29	3.19482
423	67	2.89323
423	153	2.12498
423	167	3.53157
423	256	2.56224
423	259	3.7578
423	277	3.7541
423	284	3.78038
423	373	4.26099
423	382	4.24003
423	490	5.06749
423	492	4.71651
424	76	2.97764
424	94	2.99274
424	106	3.13179
424	265	3.56699
424	344	1.82414
424	346	3.92529
424	354	3.93919
424	369	3.83316
424	371	3.81719
424	415	2.86307
424	426	4.5479
424	450	4.72011
424	453	4.72059
425	52	2.65024
425	55	2.34268
425	96	2.96341
425	192	3.07181
425	208	2.97251
425	230	4.68722
425	238	3.34246
425	250	3.27586
425	360	4.25051
425	414	4.04361
425	443	4.13074
425	454	4.55208
425	457	4.57606
426	76	2.91599
426	94	2.93109
426	178	2.52378
426	265	3.50533
426	314	3.68933
426	346	3.86363
426	354	3.87754
426	369	3.7715
426	371	3.75554
426	424	4.5479
426	450	4.65846
426	453	4.65893
426	484	1.908
427	1	2.65789
427	170	3.17647
427	271	3.44729
427	272	4.68722
427	274	3.35452
427	287	3.46949
427	291	3.50698
427	336	3.57411
427	342	3.6267
427	367	3.40595
427	467	3.81232
427	473	3.9511
427	487	4.20244
428	38	2.7512
428	109	3.01792
428	124	2.71901
428	191	3.31412
428	199	4.68722
428	258	3.25791
428	282	3.52831
428	296	3.37563
428	341	4.00135
428	350	3.78305
428	379	4.07715
428	451	3.92226
428	484	4.43168
429	13	3.64963
429	19	3.67718
429	88	3.47631
429	119	1.13137
429	136	3.74109
429	138	3.39939
429	173	3.69051
429	207	3.96095
429	293	4.11344
429	295	4.06703
429	302	4.14078
429	355	4.26863
429	435	4.68722
430	10	2.73989
430	117	2.79524
430	140	3.24283
430	152	2.44879
430	222	3.20657
430	234	3.23861
430	376	3.59018
430	387	3.91285
430	434	4.2469
430	445	3.94977
430	449	4.36821
430	455	4.54005
430	486	4.43059
431	88	4.68722
431	98	2.94628
431	175	3.29971
431	209	3.32256
431	248	3.28934
431	256	3.36867
431	268	3.49098
431	301	3.53279
431	307	3.50163
431	316	3.45363
431	363	3.69115
431	440	4.30494
431	446	3.97533
432	18	2.62658
432	128	3.02829
432	171	2.79686
432	197	3.47672
432	206	3.18783
432	288	3.2287
432	309	3.43037
432	396	4.68722
432	405	4.15132
432	421	4.03362
432	458	3.81732
432	479	4.16403
432	488	4.2396
433	160	3.07169
433	164	2.72445
433	190	3.30837
433	217	3.10056
433	232	3.36464
433	281	3.48132
433	282	4.68722
433	290	3.15811
433	344	3.73122
433	378	3.70102
433	476	4.18721
433	485	4.13463
433	495	4.22093
434	10	3.10732
434	25	1.68848
434	130	3.10046
434	152	2.81623
434	186	3.31337
434	234	3.60604
434	298	2.99873
434	376	3.95761
434	397	4.17265
434	430	4.2469
434	445	4.3172
434	449	4.73564
434	486	4.79802
435	49	3.00158
435	149	3.42426
435	164	2.62304
435	281	3.3799
435	290	3.05669
435	344	3.62981
435	374	3.41426
435	378	3.5996
435	411	3.80422
435	429	4.68722
435	452	4.10571
435	485	4.03321
435	495	4.11952
436	73	3.3472
436	82	2.80936
436	86	3.22222
436	116	2.95237
436	132	3.31495
436	153	3.51142
436	168	3.53515
436	193	3.74387
436	261	3.8426
436	328	3.91407
436	338	3.99204
436	357	3.9997
436	469	5.23832
437	5	2.76109
437	64	2.36693
437	148	3.24988
437	218	3.32215
437	224	3.56037
437	226	3.15709
437	280	3.44027
437	303	4.68722
437	375	3.71183
437	419	3.83161
437	438	4.04927
437	459	4.17408
437	478	4.55263
438	64	2.38363
438	157	4.68722
438	198	3.49427
438	200	3.39318
438	224	3.57706
438	226	3.17379
438	255	3.10316
438	308	3.56733
438	340	3.72913
438	375	3.72853
438	380	3.79115
438	437	4.04927
438	459	4.19077
439	14	2.75064
439	32	3.34469
439	41	3.14386
439	104	4.68722
439	151	2.96809
439	156	3.49377
439	166	3.43111
439	210	3.54671
439	231	3.70438
439	237	3.72276
439	279	3.78511
439	330	3.69069
439	413	4.60314
440	98	3.27661
440	209	3.65289
440	248	3.61967
440	256	3.699
440	268	3.82132
440	292	1.02001
440	301	3.86313
440	307	3.83196
440	316	3.78396
440	363	4.02148
440	431	4.30494
440	446	4.30566
440	494	5.80948
441	62	2.68769
441	87	3.07456
441	143	3.37327
441	219	3.41835
441	299	3.88673
441	311	3.77073
441	360	0.392639
441	368	4.11019
441	372	4.30305
441	378	4.29458
441	416	4.36533
441	448	4.3662
441	480	4.81762
442	13	4.68722
442	22	2.50336
442	69	2.43763
442	225	2.74126
442	278	3.22122
442	362	3.50181
442	389	3.50272
442	395	3.91242
442	410	3.61641
442	472	3.94114
442	475	4.00603
442	499	4.4594
442	500	4.326
443	50	2.92011
443	52	2.85699
443	55	2.54943
443	92	2.76675
443	192	3.27855
443	208	3.17926
443	238	3.54921
443	250	3.48261
443	360	4.45726
443	414	4.25035
443	425	4.13074
443	454	4.75883
443	459	5.23832
444	17	2.72592
444	84	2.72506
444	163	2.95447
444	228	3.05343
444	264	3.27235
444	266	3.2711
444	381	3.68959
444	396	4.17153
444	401	3.96913
444	409	3.68932
444	413	4.68722
444	418	4.31153
444	455	4.34626
445	10	2.81019
445	117	2.86554
445	130	2.80333
445	140	3.31313
445	152	2.5191
445	186	3.01623
445	376	3.66048
445	387	3.98315
445	430	3.94977
445	434	4.3172
445	449	4.43851
445	486	4.50089
445	499	3.66721
446	98	2.947
446	175	3.30043
446	209	3.32328
446	248	3.29006
446	256	3.36939
446	268	3.49171
446	301	3.53352
446	307	3.50235
446	316	3.45435
446	363	3.69187
446	431	3.97533
446	440	4.30566
446	474	3.38163
447	112	3.30587
447	120	4.68722
447	127	3.18846
447	216	3.13904
447	227	3.09868
447	270	3.36515
447	272	3.2835
447	326	3.48443
447	359	3.42209
447	390	3.67401
447	462	4.32255
447	482	3.90769
447	483	3.99009
448	62	2.38712
448	87	2.77399
448	107	3.01126
448	143	3.0727
448	219	3.11778
448	291	4.68722
448	299	3.58617
448	311	3.47016
448	368	3.80962
448	372	4.00249
448	416	4.06477
448	441	4.3662
448	480	4.51705
449	10	3.22863
449	117	3.28398
449	152	2.93753
449	186	3.43467
449	189	2.64374
449	222	3.69531
449	234	3.72735
449	376	4.07892
449	397	4.29395
449	430	4.36821
449	434	4.73564
449	445	4.43851
449	450	2.60779
449	486	4.91932
450	76	3.0882
450	94	3.1033
450	106	3.24235
450	265	3.67754
450	314	3.86154
450	346	4.03584
450	354	4.04975
450	369	3.94371
450	371	3.92775
450	424	4.72011
450	426	4.65846
450	449	2.60779
450	453	4.83114
450	490	2.63887
451	63	2.88409
451	124	2.72194
451	258	3.26084
451	296	3.37856
451	310	5.23832
451	324	3.58435
451	379	4.08009
451	385	3.56305
451	391	3.64634
451	415	3.66533
451	428	3.92226
451	469	3.95886
451	484	4.43461
451	494	4.04102
452	37	5.23832
452	49	3.21715
452	135	2.79307
452	160	3.18585
452	239	3.44917
452	252	3.40553
452	281	3.59548
452	290	3.27227
452	374	3.62983
452	377	4.13721
452	378	3.81518
452	420	4.04038
452	435	4.10571
452	470	4.49207
453	76	3.08867
453	94	3.10377
453	106	3.24282
453	112	2.40053
453	237	2.83779
453	265	3.67801
453	314	3.86201
453	346	4.03631
453	354	4.05022
453	369	3.94419
453	371	3.92822
453	424	4.72059
453	426	4.65893
453	450	4.83114
454	8	2.61916
454	50	3.34145
454	52	3.27833
454	55	2.97077
454	90	2.61916
454	92	3.18808
454	192	3.69989
454	208	3.60059
454	238	3.97055
454	250	3.90394
454	414	4.67169
454	425	4.55208
454	443	4.75883
454	457	5.20415
455	17	3.1773
455	84	3.17644
455	163	3.40585
455	228	3.50481
455	264	3.72373
455	266	3.72248
455	381	4.14097
455	395	0.698268
455	396	4.62291
455	401	4.42051
455	409	4.1407
455	418	4.76291
455	430	4.54005
455	444	4.34626
456	63	3.07515
456	95	3.24354
456	109	3.21191
456	188	3.42663
456	220	3.35382
456	235	3.36787
456	282	3.7223
456	348	5.23832
456	350	3.97704
456	370	3.75396
456	379	4.27115
456	385	3.75411
456	391	3.8374
456	469	4.14992
457	50	3.36543
457	52	3.30231
457	55	2.99475
457	92	3.21207
457	96	3.61548
457	192	3.72387
457	208	3.62458
457	250	3.92793
457	333	1.82414
457	360	4.90258
457	414	4.69567
457	425	4.57606
457	454	5.20415
457	473	5.23832
458	47	2.82722
458	54	2.65185
458	60	3.18686
458	128	2.8576
458	171	2.62617
458	206	3.01714
458	288	3.05801
458	347	3.36844
458	405	3.98063
458	417	3.82824
458	421	3.86293
458	432	3.81732
458	479	3.99334
458	488	4.06891
459	64	2.50843
459	148	3.39138
459	198	3.61907
459	221	3.68376
459	226	3.29859
459	242	3.38166
459	280	3.58177
459	308	3.69213
459	340	3.85394
459	375	3.85333
459	380	3.91596
459	437	4.17408
459	438	4.19077
459	443	5.23832
460	8	2.84404
460	27	3.26098
460	49	2.19517
460	89	2.92198
460	179	3.1313
460	185	3.72231
460	196	3.22726
460	238	3.04315
460	246	3.45225
460	323	3.99581
460	394	4.41035
460	464	5.2831
460	465	5.40829
460	493	5.51841
461	2	1.72103
461	4	3.09807
461	36	3.18721
461	119	3.65096
461	236	3.6493
461	294	3.74959
461	334	4.15201
461	343	3.84424
461	352	3.98579
461	373	3.51729
461	388	4.07745
461	393	4.59592
461	471	4.40347
461	498	4.74601
462	23	3.45556
462	25	3.49288
462	74	2.19517
462	182	3.44451
462	205	3.04315
462	227	3.62134
462	270	3.88781
462	272	3.80617
462	326	4.00709
462	331	3.9239
462	390	4.19667
462	406	4.471
462	447	4.32255
462	483	4.51275
463	20	2.64645
463	33	2.93915
463	100	3.149
463	103	2.8413
463	111	3.84013
463	241	3.57054
463	286	3.61788
463	335	4.34867
463	358	3.65555
463	372	5.23832
463	398	4.23449
463	399	3.93546
463	402	4.02528
463	496	4.34006
464	3	2.19517
464	8	2.98028
464	27	3.39722
464	45	3.17502
464	75	3.26714
464	146	3.56136
464	179	3.26754
464	196	3.3635
464	224	3.04315
464	246	3.58849
464	323	4.13205
464	460	5.2831
464	465	5.54453
464	491	5.60576
465	8	3.10547
465	45	3.30021
465	75	3.39233
465	89	3.18341
465	95	2.19517
465	146	3.68655
465	179	3.39273
465	195	3.04315
465	196	3.48868
465	246	3.71368
465	323	4.25723
465	394	4.67178
465	460	5.40829
465	464	5.54453
466	97	3.4718
466	127	4.06794
466	182	3.80132
466	216	4.01852
466	272	4.16298
466	318	2.8076
466	331	4.28072
466	359	4.30157
466	377	0.0310187
466	390	4.55349
466	406	4.82782
466	482	4.78717
466	483	4.86957
466	486	3.15056
467	258	5.23832
467	271	3.24413
467	291	3.30383
467	320	3.54279
467	336	3.37096
467	342	3.42355
467	361	3.64307
467	365	3.41054
467	367	3.2028
467	427	3.81232
467	473	3.74795
467	487	3.99929
467	489	4.37778
467	497	4.06676
468	141	2.81675
468	169	3.25964
468	210	5.23832
468	213	3.27269
468	233	3.24569
468	267	3.58233
468	273	3.68993
468	292	3.82044
468	298	3.63143
468	315	3.61132
468	333	3.83394
468	412	3.93614
468	422	3.89069
468	474	4.55156
469	109	3.05452
469	235	3.21047
469	258	3.29451
469	282	3.5649
469	324	3.61802
469	337	3.64643
469	370	3.59656
469	385	3.59672
469	391	3.68001
469	415	3.699
469	436	5.23832
469	451	3.95886
469	456	4.14992
469	494	4.07469
470	122	3.3527
470	200	2.14502
470	217	3.38551
470	232	3.64958
470	239	3.61995
470	252	3.57631
470	290	3.44305
470	344	4.01616
470	356	3.0933
470	420	4.21116
470	452	4.49207
470	476	4.47216
470	485	4.41957
470	495	4.50588
471	4	2.95165
471	36	3.04079
471	91	3.26026
471	139	3.28426
471	142	3.3017
471	177	3.22362
471	293	5.23832
471	294	3.60316
471	334	4.00558
471	343	3.69782
471	352	3.83936
471	388	3.93103
471	461	4.40347
471	498	4.59959
472	22	2.65067
472	69	2.58495
472	127	5.23832
472	225	2.88857
472	253	3.40415
472	278	3.36854
472	362	3.64913
472	364	3.70032
472	389	3.65003
472	395	4.05973
472	442	3.94114
472	475	4.15334
472	499	4.60672
472	500	4.47332
473	1	2.59352
473	155	3.29141
473	170	3.1121
473	269	3.42076
473	274	3.29015
473	287	3.40512
473	365	3.54933
473	404	3.92638
473	427	3.9511
473	457	5.23832
473	467	3.74795
473	487	4.13807
473	489	4.51656
473	497	4.20554
474	42	3.46155
474	99	3.09988
474	141	3.28939
474	211	3.98262
474	213	3.74533
474	233	3.71833
474	267	4.05496
474	273	4.16257
474	313	1.85669
474	333	4.30658
474	412	4.40878
474	422	4.36333
474	446	3.38163
474	468	4.55156
475	69	2.64984
475	134	2.79098
475	225	2.95346
475	253	3.46904
475	278	3.43342
475	362	3.71402
475	364	3.76521
475	376	5.23832
475	389	3.71492
475	395	4.12462
475	410	3.82861
475	442	4.00603
475	472	4.15334
475	500	4.5382
476	135	2.77316
476	160	3.16594
476	190	3.40262
476	217	3.19481
476	232	3.45889
476	281	3.57557
476	289	5.23832
476	290	3.25236
476	344	3.82547
476	374	3.60992
476	411	3.99989
476	433	4.18721
476	470	4.47216
476	485	4.22888
477	31	3.34003
477	64	2.86487
477	200	3.87442
477	218	3.82009
477	226	3.65503
477	242	3.7381
477	280	3.93821
477	306	3.37048
477	308	4.04857
477	340	4.21037
477	380	4.2724
477	403	1.86784
477	419	4.32955
477	478	5.05057
478	5	3.28114
478	64	2.88699
478	85	2.81362
478	176	3.88538
478	200	3.89654
478	218	3.84221
478	242	3.76022
478	255	3.60652
478	280	3.96033
478	308	4.07069
478	407	2.4247
478	419	4.35167
478	437	4.55263
478	477	5.05057
479	18	2.8026
479	54	2.99856
479	128	3.2043
479	171	2.97288
479	206	3.36384
479	288	3.40472
479	309	3.60639
479	347	3.71515
479	405	4.32734
479	408	5.23832
479	417	4.17495
479	432	4.16403
479	458	3.99334
479	488	4.41562
480	62	2.83853
480	87	3.22541
480	107	3.46268
480	143	3.52412
480	219	3.5692
480	274	2.97669
480	299	4.03758
480	311	3.92158
480	368	4.26104
480	372	4.4539
480	416	4.51618
480	441	4.81762
480	448	4.51705
480	491	2.45441
481	9	2.94087
481	26	2.77579
481	125	3.67751
481	131	3.79332
481	145	3.1489
481	161	3.05937
481	249	3.57762
481	306	3.91292
481	356	3.74499
481	360	5.23832
481	366	3.87855
481	383	4.41221
481	386	4.16878
481	400	4.05406
482	23	3.0407
482	112	3.41367
482	182	3.02964
482	216	3.24684
482	227	3.20648
482	242	5.23832
482	270	3.47295
482	326	3.59223
482	331	3.50904
482	390	3.78181
482	406	4.05614
482	447	3.90769
482	466	4.78717
482	483	4.09789
483	23	3.1231
483	25	3.16041
483	97	2.78252
483	167	5.23832
483	182	3.11204
483	216	3.32924
483	227	3.28888
483	326	3.67463
483	331	3.59144
483	359	3.61229
483	447	3.99009
483	462	4.51275
483	466	4.86957
483	482	4.09789
484	63	3.39351
484	95	3.56189
484	124	3.23136
484	220	3.67218
484	282	4.04065
484	304	4.11399
484	324	4.09377
484	341	4.5137
484	385	4.07247
484	399	3.90148
484	415	4.17475
484	426	1.908
484	428	4.43168
484	451	4.43461
484	494	4.55044
485	122	3.10942
485	135	2.72057
485	149	3.56733
485	160	3.11335
485	190	3.35004
485	290	3.19977
485	332	5.80948
485	377	4.06472
485	407	4.42861
485	411	3.9473
485	420	3.96788
485	433	4.13463
485	435	4.03321
485	470	4.41957
485	476	4.22888
486	113	2.65892
486	117	3.34636
486	130	3.28414
486	152	2.99991
486	186	3.49705
486	222	3.75769
486	234	3.78972
486	376	4.1413
486	387	4.46397
486	397	4.35633
486	430	4.43059
486	434	4.79802
486	445	4.50089
486	449	4.91932
486	466	3.15056
487	37	3.07505
487	65	3.09084
487	115	3.10116
487	144	5.80948
487	271	3.63426
487	274	3.54149
487	317	3.64011
487	336	3.76109
487	342	3.81367
487	361	4.03319
487	365	3.80067
487	427	4.20244
487	467	3.99929
487	473	4.13807
487	497	4.45688
488	18	2.87817
488	54	3.07413
488	85	3.67249
488	128	3.27988
488	197	3.72831
488	206	3.43942
488	231	5.80948
488	288	3.4803
488	309	3.68197
488	347	3.79073
488	417	4.25053
488	421	4.28522
488	432	4.2396
488	458	4.06891
488	479	4.41562
489	37	3.45354
489	115	3.47965
489	251	3.96535
489	269	4.05059
489	271	4.01275
489	274	3.91998
489	287	4.03495
489	291	4.07244
489	317	4.0186
489	361	4.41168
489	367	3.97141
489	382	2.63959
489	414	3.16988
489	467	4.37778
489	473	4.51656
490	28	3.28544
490	29	3.50125
490	67	3.19966
490	74	3.54336
490	114	4.04872
490	167	3.83799
490	259	4.06423
490	277	4.06053
490	284	4.08681
490	312	4.01571
490	317	3.17061
490	382	4.54645
490	423	5.06749
490	450	2.63887
490	492	5.02294
491	8	3.1667
491	45	3.36144
491	75	3.45356
491	89	3.24464
491	146	3.74778
491	179	3.45396
491	185	4.04497
491	196	3.54992
491	246	3.77491
491	264	3.35506
491	323	4.31847
491	394	4.73301
491	464	5.60576
491	480	2.45441
491	493	5.84107
492	28	2.93446
492	29	3.15027
492	67	2.84868
492	74	3.19238
492	114	3.69774
492	167	3.48702
492	259	3.71325
492	277	3.70955
492	284	3.73583
492	312	3.66473
492	348	5.80948
492	373	4.21644
492	382	4.19548
492	423	4.71651
492	490	5.02294
493	8	3.21559
493	27	3.63253
493	45	3.41033
493	75	3.50245
493	89	3.29353
493	111	1.08527
493	146	3.79667
493	179	3.50285
493	196	3.5988
493	246	3.8238
493	323	4.36735
493	377	4.7242
493	394	4.7819
493	460	5.51841
493	491	5.84107
494	188	3.3514
494	220	3.27859
494	235	3.29264
494	258	3.37667
494	296	3.49439
494	337	3.72859
494	370	3.67873
494	379	4.19592
494	385	3.67888
494	391	3.76217
494	415	3.78116
494	440	5.80948
494	451	4.04102
494	469	4.07469
494	484	4.55044
495	21	5.80948
495	135	2.80688
495	164	2.85243
495	217	3.22854
495	239	3.46298
495	281	3.60929
495	290	3.28608
495	374	3.64364
495	377	4.15102
495	378	3.82899
495	407	4.51492
495	420	4.05419
495	433	4.22093
495	435	4.11952
495	470	4.50588
496	20	2.65313
496	30	3.39577
496	33	2.94584
496	90	3.1286
496	241	3.57722
496	286	3.62456
496	303	4.08043
496	335	4.35536
496	339	5.80948
496	353	3.81501
496	392	4.15403
496	398	4.24118
496	399	3.94214
496	402	4.03196
496	463	4.34006
497	1	2.91233
497	50	5.80948
497	65	3.1583
497	115	3.16863
497	170	3.43091
497	274	3.60896
497	317	3.70758
497	336	3.82856
497	339	4.09863
497	342	3.88114
497	361	4.10066
497	367	3.66039
497	467	4.06676
497	473	4.20554
497	487	4.45688
498	36	3.38334
498	113	3.64007
498	139	3.62681
498	142	3.64425
498	177	3.56616
498	227	1.91113
498	236	3.84543
498	294	3.94571
498	343	4.04037
498	352	4.18191
498	388	4.27357
498	393	4.79204
498	412	3.89835
498	461	4.74601
498	471	4.59959
499	22	3.16893
499	69	3.10321
499	134	3.24435
499	225	3.40684
499	278	3.8868
499	300	2.14227
499	362	4.16739
499	364	4.21858
499	389	4.1683
499	395	4.578
499	410	4.28199
499	442	4.4594
499	445	3.66721
499	472	4.60672
499	500	4.99158
500	22	3.03553
500	42	2.90474
500	78	2.90474
500	134	3.11095
500	225	3.27343
500	253	3.78901
500	362	4.03399
500	364	4.08518
500	389	4.03489
500	395	4.44459
500	410	4.14859
500	442	4.326
500	472	4.47332
500	475	4.5382
500	499	4.99158
